image	C:/Users/avirm/Documents/Research/Image 2/BB (62).tif
intensity-scaling	0
gaussian-std	1.6
ridge-threshold	0.011
maximum-foreground	65535
minimum-foreground	0
init-z	true
snake-point-spacing	2
minimum-snake-length	8
maximum-iterations	10000
change-threshold	0.1
check-period	100
alpha	0.01
beta	0.1
gamma	2
external-factor	1
stretch-factor	0.45
number-of-background-radial-sectors	8
background-z-xy-ratio	2.88
radial-near	4
radial-far	8
delta	4
overlap-threshold	1
grouping-distance-threshold	4
grouping-delta	8
minimum-angle-for-soac-linking	2.1
damp-z	false

s           p           x           y           z      fg_int      bg_int
#1
0           0     171.663     125.847           0     16274.8     14952.1
0           1     173.479     126.677           0     18241.7     17169.4
0           2     175.287     127.524           0     20878.9       17317
0           3      177.09     128.382           0     22448.9     14040.4
0           4     178.924     129.173           0     28703.3       14148
0           5     180.849     129.702           0     26754.6     14838.4
0           6     182.844     129.749           0     20606.9     17968.4
0           7     184.791     129.309           0     17513.7       20908
0           8      186.63      128.53           0     16648.3     14825.6
0           9     188.364     127.541           0     17286.7     14203.7
0          10      190.02     126.425           0     16244.4     13250.2
0          11     191.629     125.242           0     15626.9     13519.9
0          12     193.217     124.032           0     16304.3     13012.2
0          13     194.805     122.823           0     15574.4     13253.3
0          14      196.41     121.635           0     17530.7     13526.5
0          15     198.043     120.486           0     17327.7     14009.7
0          16     199.705     119.379           0     19007.6     13431.2
0          17     201.386     118.302           0     20945.3     13457.2
0          18     203.068     117.226           0     21425.4     13527.9
0          19     204.743      116.14           0     21954.1     13519.6
0          20     206.417     115.051           0     21509.9     12808.5
0          21     208.097     113.971           0     22840.5       12359
0          22     209.789     112.912           0     24211.2     12348.1
0          23       211.5     111.883           0     23829.3     12965.1
0          24     213.228     110.883           0     25073.5     14182.9
0          25     214.961      109.89           0     24282.7     16336.5
0          26     216.677     108.869           0     26570.7     18644.3
0          27      218.36     107.796           0     33160.4     22328.9
0          28     220.045     106.724           0     40162.6     20736.3
0          29     221.816     105.804           0     28399.4     17318.8
0          30     223.697     105.134           0     25394.9     15142.2
0          31     225.649     104.712           0     22447.1     15610.6
0          32     227.631     104.471           0     21419.8     14567.3
0          33     229.622     104.327           0     21163.1     14182.1
0          34     231.616     104.219           0     20877.1     13829.5
0          35      233.61     104.114           0     21142.1     13332.1
0          36     235.603      103.99           0       21883     13284.7
0          37     237.594     103.838           0     22680.6     12974.2
0          38     239.582      103.66           0     22387.6     12784.9
0          39      241.57     103.468           0     22537.3     13016.9
0          40     243.556      103.27           0       22903     13168.3
0          41     245.542      103.06           0     21367.5     13495.5
0          42     247.526     102.831           0     22277.4     13271.4
0          43     249.509     102.601           0     22993.6     13691.9
0          44     251.494     102.385           0     22630.1     13841.1
0          45     253.479     102.176           0     21842.5     14638.4
0          46     255.464     101.957           0     22806.2     14127.3
0          47     257.445      101.71           0     23186.1     13970.4
0          48     259.422      101.43           0     24737.1     14249.5
0          49     261.397     101.137           0     25902.2     14099.6
0          50     263.375     100.862           0     26960.5     13464.8
0          51     265.359     100.634           0     24661.3       13663
0          52     267.348     100.464           0     22570.2     12988.9
0          53     269.341     100.348           0     23711.9     13318.6
0          54     271.336      100.27           0     22510.9     13080.5
0          55     273.332     100.214           0     23397.7     13381.7
0          56     275.328     100.164           0       23227     13335.5
0          57     277.324      100.12           0     20547.8     12916.9
0          58     279.321     100.089           0     20031.9     13026.2
0          59     281.318     100.088           0     19907.2     12938.1
0          60     283.314     100.121           0     18688.6     13221.7
0          61      285.31     100.173           0     16744.2     13100.1
0          62     287.306     100.218           0     16111.6     13295.7
0          63     289.303     100.236           0     16052.4     13653.8
0          64     291.299     100.225           0     16253.8     13433.4
0          65     293.295     100.163           0     14924.3     13409.2
0          66      295.29     100.091           0     16604.9       14065
0          67     297.287      100.06           0     16981.9     13225.9
0          68     299.283     100.098           0     15827.6     13529.1
0          69     301.277     100.193           0       16465     14113.3
0          70     303.271     100.312           0     16822.1       16655
#1
1           0     80.8307     63.8718           0           0           0
1           1     81.3501     65.8155           0      7964.3     3890.23
1           2     81.8409     67.7667           0     8869.31     4120.48
1           3     82.2637     69.7337           0     7856.06     4647.91
1           4     82.5986     71.7175           0     7777.66     4230.98
1           5     82.8536     73.7132           0     8407.43        4113
1           6     83.0737     75.7131           0     10563.1     4437.91
1           7     83.3027     77.7119           0     10858.4      5229.7
1           8     83.5856     79.7038           0     9411.04     5437.24
1           9      83.962     81.6802           0     9973.42     6501.81
1          10     84.5073     83.6167           0     10934.2     7386.15
1          11     85.3454     85.4457           0     12528.6     11979.8
1          12     86.6049     87.0145           0     16942.8       12866
1          13     88.2617     88.1554           0     25099.3     11543.5
1          14     90.1445      88.864           0     32821.5     10786.5
1          15     92.1168     89.2609           0     31618.8     10907.7
1          16      94.117     89.4775           0     26226.4     10891.2
1          17     96.1243     89.6141           0     24100.1     10410.8
1          18      98.133     89.7283           0     25858.1     11000.3
1          19     100.141     89.8481           0       22352     11111.8
1          20     102.148     89.9869           0     22404.7       10888
1          21     104.154     90.1434           0     20164.8     10697.3
1          22      106.16     90.3018           0     20654.2     11028.1
1          23     108.167     90.4427           0     20015.9     11189.6
1          24     110.175      90.561           0     21053.3       11485
1          25     112.185      90.658           0     20949.4     10833.2
1          26     114.195     90.7422           0     21544.7     11750.2
1          27     116.205     90.8258           0     20188.2     11275.1
1          28     118.215     90.9147           0     20465.1     10818.7
1          29     120.225     91.0048           0     20133.9     10736.8
1          30     122.235     91.0914           0     19694.9     10510.3
1          31     124.246     91.1704           0     20363.6     11162.9
1          32     126.257     91.2301           0       20622     11209.9
1          33     128.268     91.2623           0     19454.8     10677.3
1          34      130.28     91.2748           0     19269.1     10940.7
1          35     132.292     91.2782           0     18276.8     10898.4
1          36     134.304     91.2751           0     20953.2     10602.7
1          37     136.316     91.2705           0       18973       10287
1          38     138.328     91.2695           0     16907.3     10255.8
1          39      140.34     91.2718           0     17828.8     10096.8
1          40     142.352     91.2758           0     18452.8     10250.7
1          41     144.364     91.2808           0     17623.4     10007.5
1          42     146.376     91.2885           0     18332.1       10184
1          43     148.388     91.3096           0     18825.8     9996.21
1          44     150.399     91.3639           0     18544.6     10522.1
1          45     152.408     91.4672           0       16534     10391.6
1          46     154.413     91.6345           0     17452.5     10599.7
1          47     156.408     91.8948           0     19918.3     10689.4
1          48     158.383     92.2801           0     19752.4     11185.8
1          49     160.323     92.8119           0     18260.5     11413.2
1          50     162.205     93.5234           0     20425.6     12972.1
1          51     163.988     94.4562           0     17908.3     13680.1
1          52     165.623     95.6281           0     19912.4     12809.6
1          53     167.094     97.0002           0     23355.2     13082.2
1          54     168.433     98.5024           0     21898.2     12566.9
1          55     169.685     100.077           0     21004.4     12159.5
1          56     170.883     101.694           0       22966     12017.4
1          57     172.037     103.342           0     21510.6       12421
1          58     173.141     105.024           0     23991.1     12384.6
1          59     174.174      106.75           0     20054.9     12601.1
1          60     175.101     108.536           0     20413.2     11993.9
1          61     175.869     110.395           0       20821     12407.4
1          62     176.432     112.327           0       20858     13907.8
1          63     176.781     114.308           0       21491     13421.6
1          64     176.957     116.313           0       22719     12968.6
1          65     177.014     118.324           0       20324     14049.5
1          66     177.025     120.336           0     24170.4     13204.5
1          67     177.009     122.347           0       23968     13674.2
1          68     177.007     124.359           0     20228.8     15196.4
1          69     177.046     126.371           0     20589.1     15636.8
1          70      177.09     128.382           0     22448.9       18201
#1
2           0     298.405     55.1262           0     13608.5     12953.1
2           1     298.749     57.1071           0       16613       12729
2           2     299.056     59.0942           0     16796.3     12504.2
2           3     299.268     61.0935           0     15466.8     12847.9
2           4     299.381      63.101           0     15456.6     12935.1
2           5     299.464     65.1098           0     14231.2     12851.4
2           6     299.607     67.1153           0     14518.2       12194
2           7      299.86     69.1099           0       14189     12139.9
2           8     300.191     71.0931           0     17366.7     11907.6
2           9     300.565     73.0685           0     19225.2     12024.3
2          10     300.932     75.0454           0     21156.8     11803.2
2          11     301.256     77.0296           0       20289     11332.6
2          12     301.533     79.0211           0     18588.9       11714
2          13     301.775      81.017           0       18344     11868.6
2          14     302.007     83.0142           0     17354.7     11904.3
2          15     302.253     85.0097           0     17761.8     11809.8
2          16     302.541     86.9995           0     18761.4       12702
2          17     302.896     88.9787           0     18460.8     13348.5
2          18     303.329      90.942           0     20741.4     13110.8
2          19     303.847     92.8848           0     20927.1     13028.1
2          20     304.444     94.8045           0     20787.6     12831.5
2          21     305.096     96.7066           0     19813.5     13536.2
2          22     305.767     98.6018           0     21785.4     14602.8
2          23     306.434     100.499           0     22829.8     14120.2
2          24     307.098     102.396           0     23658.9     14230.4
2          25     307.786     104.286           0     20603.1     13421.6
2          26     308.544     106.148           0     20594.4     13112.4
2          27      309.41     107.962           0     21946.6     12913.9
2          28     310.391     109.717           0     20076.6     12603.9
2          29     311.471     111.413           0     22151.8     12398.2
2          30     312.637     113.051           0     23529.3     12462.1
2          31      313.88     114.631           0       26545     13248.6
2          32     315.191     116.156           0       25881     13165.4
2          33     316.558      117.63           0     22677.2     13916.8
2          34     317.976     119.056           0     21474.4     13926.4
2          35     319.449     120.424           0     21263.3     14001.3
2          36     320.986      121.72           0     20347.9     14099.8
2          37     322.592      122.93           0     23171.4     15517.2
2          38     324.255     124.059           0     24931.1     13961.3
2          39     325.953     125.136           0     24076.2     13003.1
2          40     327.663     126.193           0       24605     13021.5
2          41     329.375     127.249           0     24113.8     12996.4
2          42     331.086     128.304           0     25180.7     12490.8
2          43     332.799     129.357           0     24412.8     12731.7
2          44     334.515     130.404           0     25712.8       12851
2          45     336.242     131.435           0     26487.9     13052.3
2          46     337.985     132.437           0     27890.4     12896.6
2          47     339.755      133.39           0     29575.1     13226.1
2          48     341.559     134.277           0     27403.8     12774.6
2          49     343.398      135.09           0       28971     13191.8
2          50     345.274     135.815           0     26816.4     13777.1
2          51     347.186     136.435           0       23724     14068.4
2          52     349.131     136.944           0     20403.1     13387.6
2          53     351.099     137.357           0     19525.2     10866.7
2          54     353.082     137.691           0     20386.4     10517.7
2          55     355.073     137.967           0     21863.1     9582.91
2          56     357.069     138.208           0     23844.3     8621.84
2          57     359.067     138.434           0     24599.2     8575.84
2          58     361.067     138.637           0     24162.6     8167.85
2          59     363.073     138.775           0     25270.2     7339.81
2          60     365.083      138.81           0     22079.4     6438.37
2          61     367.093     138.733           0     17262.6     6743.25
2          62     369.095      138.55           0     14884.8     6470.74
2          63     371.087     138.279           0     14003.4     6052.57
2          64     373.071      137.95           0     11270.8     6038.88
2          65     375.049     137.594           0       12459     6627.68
2          66      377.03     137.246           0       12085     5921.97
2          67     379.016     136.932           0     11721.1     5837.75
2          68     381.007     136.654           0     11483.5     6299.46
2          69     383.002     136.404           0     12769.4     6449.28
2          70     384.999     136.171           0       10936     6917.54
2          71     386.997     135.952           0     10589.9     7147.47
2          72     388.998     135.754           0     11030.6     7304.78
2          73     391.002     135.583           0     10904.7     6101.14
2          74     393.007      135.44           0     10174.9     6256.88
2          75     395.015     135.329           0     10406.3        6413
2          76     397.024     135.255           0     11081.1     6427.83
2          77     399.034     135.224           0     10311.1      6380.7
2          78     401.045     135.208           0     10767.8     6159.87
2          79     403.055     135.222           0     10540.9     6238.08
2          80     405.064       135.3           0     10575.8     5044.88
2          81     407.068     135.467           0       11226     5038.19
2          82     409.064     135.712           0     10763.1     1115.48
2          83     411.055     135.986           0           0           0
#1
3           0     85.1056     163.044           0           0           0
3           1     86.5155       161.6           0     15763.1           0
3           2     87.9207     160.152           0     15247.8     185.207
3           3     89.3198     158.697           0     17862.1     6281.74
3           4     90.7374     157.261           0       17452     9057.79
3           5      92.213     155.884           0     16979.8     11607.6
3           6      93.765     154.594           0     16708.6     12631.3
3           7     95.3746     153.376           0     16086.5     12522.7
3           8     97.0065     152.189           0     15727.7     12069.2
3           9      98.642     151.007           0     14820.4       11918
3          10     100.284     149.833           0     14683.6     11213.3
3          11     101.942     148.683           0     15673.9     11529.5
3          12     103.621     147.564           0     17081.3     11490.6
3          13     105.322     146.477           0       17398     10539.2
3          14     107.043     145.422           0     16918.7     10377.9
3          15     108.778     144.391           0     16719.5     10309.1
3          16     110.527     143.385           0     15894.1       10364
3          17     112.296     142.413           0     15050.9     10574.1
3          18     114.089     141.486           0     15713.4     10532.8
3          19     115.903     140.603           0     15340.8     10500.5
3          20     117.735     139.756           0     15456.8     10773.9
3          21     119.579     138.936           0     17143.3     10519.1
3          22     121.432     138.136           0       18394     10797.9
3          23     123.291     137.351           0     18610.4     10855.9
3          24     125.157     136.581           0     20141.1     10917.2
3          25     127.031     135.831           0     20843.4     11241.1
3          26     128.913     135.104           0     22228.6     11644.3
3          27       130.8     134.388           0     19589.2     11978.1
3          28     132.686     133.669           0     19947.9       12159
3          29     134.569     132.944           0     21434.1     11970.4
3          30     136.451     132.214           0     20764.3       11944
3          31     138.334     131.488           0     21048.6     11457.5
3          32     140.222     130.775           0     20884.2     11069.3
3          33     142.114     130.073           0     20933.5     10839.9
3          34     144.006      129.37           0     20705.2     11164.4
3          35     145.895     128.661           0       18965     11113.1
3          36     147.786     127.956           0     18756.9     11201.8
3          37     149.688     127.281           0     17433.7     11276.4
3          38     151.616     126.685           0     15484.7     11406.7
3          39     153.583     126.232           0     15249.9     11717.3
3          40     155.586     125.988           0     15548.4     12050.8
3          41     157.604     125.966           0     15704.3     12439.4
3          42     159.618     126.106           0     17324.4     13039.1
3          43     161.626     126.304           0     15941.2       13668
3          44     163.638     126.465           0     16177.6     13492.3
3          45     165.655     126.521           0     16394.6     13988.7
3          46     167.671     126.434           0     15839.6     13768.6
3          47     169.676     126.198           0     15233.3     13686.6
3          48     171.663     125.847           0     16274.8     13666.4
#1
4           0     180.849     129.702           0     26754.6     14863.5
4           1     182.041     131.322           0       26791     15717.8
4           2     183.352     132.848           0     26474.7     15197.1
4           3     184.763     134.281           0     30731.1     14792.8
4           4     186.242     135.644           0     33003.8     14931.1
4           5     187.757     136.967           0     35686.6     14780.9
4           6     189.293     138.266           0     35694.3     15175.9
4           7     190.841     139.549           0     34120.2     14340.4
4           8     192.389     140.834           0     33728.4     14690.7
4           9     193.926     142.131           0     34829.8     14775.3
4          10     195.448     143.447           0       37509     14505.5
4          11     196.955     144.778           0     40815.1       14062
4          12     198.463     146.109           0     42405.3     14391.1
4          13     199.999     147.408           0     43092.6     14298.3
4          14     201.604     148.621           0     40901.9     14225.3
4          15     203.322     149.666           0     40326.8     8930.83
4          16      205.18     150.436           0       32734     7358.46
4          17     207.148      150.85           0     28068.3     7394.61
4          18     209.158     150.913           0     22954.6     7323.49
4          19     211.157      150.69           0     18468.3     7023.62
4          20     213.119     150.249           0     15692.6     6812.42
4          21     215.044     149.665           0     14287.3     6467.89
4          22     216.951     149.026           0     13326.1     6701.16
4          23     218.852     148.369           0     13527.2     7763.13
4          24     220.751     147.706           0     12802.7     9140.31
4          25     222.647     147.035           0     13210.5     10946.9
4          26     224.541     146.356           0     12668.1     12126.9
#1
5           0     165.471      74.826           0     14350.7     13223.2
5           1     167.478     74.7412           0     16533.2     14999.2
5           2     169.484     74.6476           0     17677.1     13729.5
5           3      171.49     74.5566           0     19665.4     12851.9
5           4     173.499     74.5193           0     20179.7     12213.7
5           5     175.506     74.5875           0     17858.4     12156.1
5           6     177.505     74.7748           0     20655.6       12392
5           7     179.492     75.0688           0     20989.7     13306.6
5           8      181.46     75.4714           0     20162.7       13383
5           9     183.403       75.98           0     19187.8     13339.5
5          10      185.32     76.5799           0     18449.6     12785.1
5          11     187.216     77.2424           0     20879.5     12934.8
5          12       189.1     77.9371           0       22058     12265.2
5          13     190.979     78.6461           0     18512.5     12529.5
5          14     192.855     79.3635           0     18922.7       13070
5          15     194.728     80.0889           0     19722.3     13274.3
5          16     196.597     80.8238           0     19399.5     13622.6
5          17     198.459     81.5756           0     19722.3     13625.5
5          18     200.307     82.3643           0     20958.9     14934.5
5          19     202.117     83.2338           0     20892.8     15098.6
5          20     203.853     84.2444           0       20575     14508.5
5          21     205.471     85.4343           0     22396.2     13947.1
5          22     206.953     86.7892           0     23664.6     14182.4
5          23      208.33     88.2517           0     21807.4     14311.6
5          24     209.655     89.7606           0     21160.3     13316.8
5          25     210.965      91.283           0     20977.6     13559.4
5          26     212.261     92.8173           0     20587.7     14255.9
5          27     213.531     94.3731           0     20598.8     13671.4
5          28     214.754     95.9667           0     21919.5     13350.1
5          29      215.91      97.609           0     21576.9       13790
5          30     216.963     99.3193           0     24472.8     14262.8
5          31     217.889     101.102           0     27388.8     14653.2
5          32     218.693     102.942           0     25253.7     16123.8
5          33     219.397     104.823           0     31779.6     16945.8
5          34     220.045     106.724           0     40162.6     22811.1
#1
6           0     223.697     105.134           0     25394.9     20074.3
6           1     224.295     103.216           0     19631.5     21778.2
6           2     224.969     101.322           0     17486.8     18025.1
6           3     225.705     99.4526           0     16904.7     14731.4
6           4     226.509     97.6113           0     17023.3       14158
6           5     227.379     95.7997           0     16416.3     13899.2
6           6     228.307     94.0174           0     18502.8     13576.3
6           7     229.295     92.2676           0     18957.2       14268
6           8     230.345     90.5542           0     20098.9     14026.9
6           9     231.468     88.8879           0     18552.9     13609.2
6          10     232.651     87.2633           0     17891.6     13545.6
6          11     233.871     85.6667           0     17999.1     13458.6
6          12     235.115     84.0882           0       19601     13579.7
6          13     236.374     82.5219           0     18927.6       13471
6          14     237.639     80.9607           0     21493.7     13272.6
6          15     238.901     79.3973           0     19886.3     12895.9
6          16     240.158     77.8289           0     20699.2       13354
6          17     241.402     76.2511           0     18676.3     13024.4
6          18     242.622     74.6544           0     16153.6     12861.5
6          19     243.804     73.0289           0     15569.4     12836.3
6          20     244.933     71.3669           0     16632.5     12931.5
6          21     246.006     69.6677           0       18059     12863.5
6          22     247.032     67.9399           0     19916.2     13033.4
6          23     248.041     66.2024           0     19609.6     12643.6
6          24     249.079     64.4813           0     17475.8     12225.2
6          25     250.196      62.811           0     16151.3     12124.9
6          26     251.453     61.2429           0     15786.6     12003.5
6          27       252.9     59.8488           0     14582.2     11510.9
6          28     254.552     58.7052           0     12980.6     11311.3
6          29     256.367     57.8424           0     12060.3     9392.46
6          30     258.281     57.2315           0     11059.7     9748.51
6          31     260.246      56.812           0       10196     8539.83
6          32     262.235     56.5222           0     11404.3     8145.74
6          33     264.233     56.3094           0     11195.6     7591.74
6          34     266.235     56.1308           0       11349     6995.11
6          35     268.236     55.9507           0     10565.6     6559.84
6          36     270.235     55.7444           0     11269.1      8032.3
6          37      272.23     55.5051           0     11888.9     7792.16
6          38     274.222      55.238           0     11490.3      7457.6
6          39     276.211     54.9553           0     11902.2     7383.14
6          40       278.2     54.6668           0     13759.8     7537.86
6          41     280.187     54.3692           0     16072.5     8834.36
6          42     282.173     54.0603           0     12780.1     7076.06
6          43     284.163     53.7835           0     12783.6     8153.07
6          44     286.164     53.5944           0     16230.4     7284.53
6          45      288.17     53.4726           0     16906.4      7552.2
6          46     290.175     53.3409           0     12628.4     8297.78
6          47     292.177     53.1657           0     13512.7     7279.43
6          48     294.177     52.9695           0     14007.8     6164.52
6          49     296.177     52.7805           0     14783.9     6560.21
6          50     298.179     52.6066           0     13446.1      8950.5
6          51     300.184     52.4733           0     14243.4     8014.68
6          52     302.193     52.4238           0     15282.6     6764.75
6          53     304.201     52.4932           0     16282.4     6915.72
6          54     306.201     52.6954           0     16954.7     7176.99
6          55     308.185     53.0135           0     17338.6     8146.54
6          56     310.154     53.4116           0     15966.1     9762.17
6          57     312.113     53.8591           0     16333.4     10627.5
6          58     314.067     54.3303           0     16988.9     11058.9
6          59      316.02     54.8025           0     16410.3     12374.5
6          60     317.976     55.2647           0     16866.8     12199.3
6          61     319.934     55.7171           0     17267.6     12175.1
6          62     321.892     56.1683           0       18059     11890.6
6          63     323.848     56.6265           0     18310.8     11894.1
6          64     325.803     57.0936           0     18197.1     12125.8
6          65     327.755     57.5686           0     17238.1     11810.8
6          66     329.707     58.0491           0     17062.4     11987.3
6          67      331.66     58.5225           0     17238.9     11963.3
6          68     333.618     58.9741           0     17756.2     11536.1
6          69     335.583     59.3952           0     15930.5     11620.1
6          70     337.554     59.7826           0     16606.3     11990.1
6          71     339.532     60.1394           0     17328.6     11947.3
6          72     341.513     60.4782           0       16487     12577.9
6          73     343.494      60.812           0     17027.7     12700.1
6          74     345.478     61.1344           0     18786.8       12396
6          75     347.466     61.4286           0     18994.4     12421.7
6          76     349.458     61.6871           0       18817     11874.4
6          77     351.456     61.9089           0     20044.9     11974.1
6          78     353.456      62.101           0     17127.9     11373.8
6          79     355.457     62.2799           0     16887.1       11201
6          80     357.459     62.4623           0     17087.8       11683
6          81     359.459     62.6499           0     16635.1     11701.7
6          82     361.461     62.8272           0     16733.1     11258.5
6          83     363.465     62.9695           0     17519.9     11653.1
6          84     365.473     63.0447           0     16510.9       11225
6          85     367.483     63.0165           0     14923.6     11333.3
6          86     369.485     62.8491           0     16626.4     11051.7
6          87     371.469     62.5254           0     16342.8     11238.3
6          88     373.424     62.0613           0     15585.5       11531
6          89     375.353     61.4977           0     15189.5     11401.8
6          90     377.264     60.8769           0     16390.1     11533.8
6          91     379.165     60.2253           0     15584.8     10980.4
6          92     381.059     59.5547           0       14342     10641.3
6          93     382.949      58.871           0       14842     10926.5
6          94     384.835     58.1799           0     13967.7     10918.5
6          95     386.724     57.4934           0     14128.9     11057.4
6          96     388.616     56.8162           0     14602.3     11712.4
6          97     390.519     56.1713           0       13218     11069.3
6          98     392.433     55.5576           0       12020     10593.6
6          99      394.35     54.9566           0     12808.5     10439.1
6         100     396.264     54.3453           0     11708.6     10460.1
6         101     398.171     53.7115           0     12199.3     10610.9
6         102     400.072     53.0578           0       11673     10558.8
#1
7           0     220.045     106.724           0     40162.6     18775.5
7           1     220.115     108.737           0     32826.7     18841.3
7           2     220.359     110.736           0     30274.6     16717.3
7           3     220.729     112.716           0     29690.4     14689.2
7           4     221.159     114.683           0     29787.7     14093.3
7           5       221.6     116.649           0     29896.4     14717.2
7           6     222.048     118.612           0     32123.2     14799.2
7           7     222.526     120.569           0       30468     14785.7
7           8     223.043     122.516           0     33694.1     15069.1
7           9     223.598     124.452           0     31271.4     16056.3
7          10     224.168     126.383           0     27866.1     15923.1
7          11     224.731     128.317           0     30107.2     15922.4
7          12     225.308     130.247           0     29395.6     16179.2
7          13     225.949     132.156           0       30337     15747.6
7          14      226.71     134.021           0     31538.4     14961.6
7          15     227.633     135.811           0     32709.2     15185.6
7          16      228.72     137.507           0     30163.4     14924.3
7          17     229.935     139.113           0     30270.2     13738.8
7          18     231.238     140.649           0     27124.1     13407.3
7          19     232.618     142.116           0     25272.2     13224.1
7          20     234.109     143.469           0     25846.3     13318.1
7          21     235.768     144.612           0       24450     13925.4
7          22     237.616     145.411           0     19818.9     13268.6
7          23     239.595     145.789           0     16156.6     14242.5
7          24     241.609     145.813           0     15088.7     10157.6
7          25     243.615     145.634           0     14847.1      9505.3
7          26     245.611      145.37           0     14211.5     9862.55
7          27     247.604     145.074           0     13353.7      9682.4
7          28     249.593     144.762           0     12227.9     9729.32
7          29     251.581     144.439           0     11803.3     9987.72
7          30     253.569     144.112           0     11323.4     9591.97
7          31     255.557     143.791           0     11775.3     9523.03
7          32     257.547      143.48           0     12130.2     9738.85
7          33     259.538     143.178           0     11176.9     10216.4
7          34     261.532     142.888           0     11544.6     10606.5
7          35     263.526      142.61           0     11919.8     11265.4
7          36     265.522      142.34           0     11486.3     11725.4
7          37     267.519     142.077           0     11553.2       11416
7          38     269.518     141.826           0     11977.6     11090.2
7          39     271.518     141.596           0     12977.8     11019.3
7          40     273.523     141.396           0     12233.2     11518.4
7          41      275.53     141.231           0     13141.4     12047.7
7          42      277.54     141.098           0     12719.8     12306.1
7          43     279.551     140.986           0     13242.7     11931.4
7          44     281.562     140.889           0     12898.4     10909.8
7          45     283.575     140.804           0     12269.3     11105.9
7          46     285.588     140.736           0     12414.7       11283
7          47     287.601     140.683           0     12078.8     11158.1
7          48     289.615     140.643           0     12914.4     11571.1
7          49     291.628       140.6           0       13706     12021.8
7          50     293.642     140.542           0     14030.8     11864.5
7          51     295.654      140.47           0     12219.3     10556.3
7          52     297.666     140.377           0       12568     10115.9
7          53     299.675     140.228           0     11172.6     9817.21
7          54     301.674     139.983           0     11886.7     10851.9
7          55     303.652     139.603           0     11718.4     11852.9
7          56     305.589     139.053           0     11279.3     12391.8
7          57     307.463     138.314           0     11886.3     12092.4
7          58     309.254     137.393           0     12621.8     11242.4
7          59     310.955     136.314           0     13279.6     11104.7
7          60     312.563     135.101           0     13762.5     11133.7
7          61     314.081     133.778           0     12737.8     11270.5
7          62     315.519     132.368           0     13894.4     11458.2
7          63     316.898     130.899           0     14796.6     12327.7
7          64     318.255     129.411           0     14387.2     12469.1
7          65     319.642     127.951           0     14095.8     13344.8
7          66     321.101     126.562           0     14810.9     13657.2
7          67     322.646      125.27           0     19699.2       17488
7          68     324.255     124.059           0     24931.1     18520.7
#1
8           0      171.49     74.5566           0     19665.4     13450.4
8           1     170.311     76.2132           0     16511.3     13576.3
8           2     169.223     77.9311           0     18013.2     12775.1
8           3     168.263     79.7242           0     18369.6     12453.2
8           4     167.454     81.5899           0     18688.7       11846
8           5     166.816     83.5209           0     18541.6     11485.9
8           6     166.351     85.5005           0     16470.8     11410.6
8           7     166.034     87.5093           0     16434.7       11575
8           8     165.826     89.5322           0     16103.8     11471.6
8           9     165.698     91.5618           0     18212.6     15087.2
8          10     165.639     93.5946           0     18451.4     15402.1
8          11     165.623     95.6281           0     19912.4     13290.1
#1
9           0     367.273     103.438           0     15008.1     14137.3
9           1     369.131     104.211           0     16585.9     13879.2
9           2      370.98     105.005           0     15665.8     13787.7
9           3     372.813     105.837           0     17288.3     13559.8
9           4     374.625     106.713           0     19190.5     13587.6
9           5     376.426     107.612           0       18812     13300.5
9           6     378.242      108.48           0     17477.3     13347.2
9           7     380.099     109.255           0     16589.5     13432.4
9           8     382.006     109.899           0     15398.6     13383.2
9           9     383.957     110.395           0     18185.3     13847.6
9          10     385.934     110.771           0     17634.3     13285.5
9          11     387.919     111.102           0     17386.1     13243.3
9          12     389.895     111.483           0     15519.7     12716.3
9          13      391.84     112.003           0     14967.5       12816
9          14     393.713      112.74           0       16023     12553.6
9          15     395.451     113.754           0     14384.4     12478.4
9          16     396.979     115.063           0     13719.2     12967.8
9          17     398.245     116.628           0     12133.1     12438.7
9          18     399.269     118.361           0     10262.3     12262.7
9          19     400.128     120.181           0       11102       10927
9          20     400.895     122.042           0     10189.1     10294.8
9          21     401.632     123.915           0     10296.4     10270.9
9          22     402.381     125.783           0     9723.66     10044.2
9          23     403.205     127.619           0     10491.8     9258.34
9          24     404.121     129.411           0     10007.2      8404.8
9          25     405.143     131.145           0     10111.3     7424.45
9          26     406.298     132.793           0     10972.2     6247.38
9          27      407.61      134.32           0     10185.9     5434.46
9          28     409.064     135.712           0     10763.1     1440.82
#1
10           0     280.187     54.3692           0     16072.5     13561.8
10           1     280.599     56.3219           0     15587.9       12855
10           2     280.997     58.2775           0       15906     12192.4
10           3     281.376      60.237           0     16304.2     11791.4
10           4     281.741      62.199           0     15480.6     11853.6
10           5     282.121     64.1582           0       16201     12359.9
10           6      282.56      66.105           0     15738.2     12516.3
10           7     283.088     68.0298           0     15377.4     12219.8
10           8     283.689     69.9328           0     14016.7     12595.6
10           9      284.37     71.8089           0     14124.9     12409.7
10          10     285.121     73.6577           0     15345.3     12434.5
10          11      285.92     75.4864           0     16413.5     12151.4
10          12     286.739     77.3063           0     14935.6     12470.3
10          13     287.554     79.1283           0     14567.7     12455.5
10          14     288.343      80.961           0     14279.1     11956.3
10          15      289.12     82.7994           0     13770.6     12365.3
10          16     289.876     84.6466           0     14044.1     12379.9
10          17     290.597     86.5074           0     14183.2     12807.7
10          18      291.28     88.3827           0     14538.6     12641.5
10          19     291.934     90.2682           0       15042     12865.3
10          20      292.58     92.1565           0     14510.8     13857.3
#1
11           0     286.164     53.5944           0     16230.4     11803.9
11           1     287.618     55.0693           0     16700.1     13944.7
11           2     289.014     56.5984           0     15758.2     13325.5
11           3     290.352     58.1796           0       16117     13208.6
11           4     291.646     59.7962           0     15850.1     13117.2
11           5     292.933     61.4193           0     14723.2     13002.6
11           6     294.246     63.0203           0     14508.4     13282.7
11           7     295.604     64.5847           0     15537.4     13926.4
11           8     296.997     66.1169           0     15625.8     13268.6
11           9     298.417     67.6245           0     14770.9     12494.2
11          10      299.86     69.1099           0       14189     11700.2
#1
12           0       252.9     59.8488           0     14582.2     12532.1
12           1     250.878     59.9053           0     14812.5     12489.1
12           2     248.855     59.8936           0     12945.6     14209.5
12           3     246.835     59.7831           0     12015.4     12794.7
12           4      244.82     59.6061           0     12256.4     11242.2
12           5     242.807     59.4108           0     12245.6       10822
12           6     240.791      59.242           0     12352.6       10911
12           7     238.771     59.1301           0     11444.4     8987.81
12           8     236.749     59.0862           0     12418.7     8612.69
12           9     234.726     59.1047           0     12212.1        8774
12          10     232.704     59.1653           0     11414.3      8384.8
12          11     230.684     59.2539           0     10682.4     8794.93
12          12     228.664     59.3614           0     11580.4     8885.52
12          13     226.644     59.4761           0     10574.5     8780.22
12          14     224.624     59.5787           0     11061.3     7875.14
12          15     222.603     59.6534           0     11202.9     8218.44
12          16      220.58     59.6925           0     10936.3     8183.55
12          17     218.557     59.6942           0       11083     8115.28
12          18     216.535     59.6642           0     11125.1     7963.03
12          19     214.512     59.6173           0     11021.1     7876.92
12          20      212.49     59.5736           0     11234.5     7861.84
12          21     210.467     59.5494           0       11502     6432.52
12          22     208.445     59.5573           0     11375.6     6602.23
12          23     206.423     59.6278           0     11753.7     6868.69
12          24     204.409      59.811           0     12398.1     7677.21
12          25     202.417     60.1643           0     13688.6      8952.5
12          26      200.47     60.7142           0     14771.7     9845.01
12          27     198.575      61.422           0     15851.5     10246.7
12          28     196.717     62.2197           0     13787.6     11678.4
12          29     194.877     63.0619           0     15025.1     12184.3
12          30     193.047     63.9228           0     13584.6     12661.3
#1
13           0     81.8409     67.7667           0     8869.31     4161.11
13           1     83.8325      68.004           0     7519.66     4235.24
13           2     85.8303     68.1807           0     8189.69     5357.48
13           3     87.8331      68.288           0     8120.96     5487.65
13           4     89.8382     68.3349           0     8665.58     5822.15
13           5     91.8438       68.34           0     8550.15     6076.83
13           6     93.8493     68.3189           0      9491.4     6168.36
13           7     95.8544     68.2709           0     9197.98     6134.92
13           8     97.8584      68.188           0     9784.39     6174.55
13           9     99.8595     68.0541           0     10721.7     6886.87
13          10     101.856     67.8595           0     10084.8     7330.06
13          11     103.847     67.6174           0     9402.14     6623.31
13          12     105.835     67.3561           0     9303.97      6396.6
13          13     107.824     67.0987           0     9565.23     6078.75
13          14     109.815     66.8557           0     10132.6     5511.34
13          15     111.808     66.6262           0     10105.6     5175.28
13          16     113.801     66.4079           0     9653.09     5048.58
13          17     115.797     66.2129           0     9008.19     5985.73
13          18     117.797     66.0609           0     8823.07     5639.96
13          19       119.8      65.955           0     9233.05     5641.55
13          20     121.805     65.8816           0     9209.89     5859.15
13          21     123.809     65.8216           0     10036.8     5657.68
13          22     125.814     65.7611           0     9370.83     5694.81
13          23     127.819     65.7012           0     10009.5      6722.2
13          24     129.824     65.6578           0     10152.6     6950.16
13          25      131.83     65.6504           0     9724.07     7139.53
13          26     133.835     65.7006           0     10771.9     7250.49
13          27     135.836     65.8319           0     10248.6     7622.73
13          28     137.829     66.0584           0     10085.8     7834.49
13          29     139.807      66.389           0     11380.5     8860.13
13          30     141.762     66.8376           0     11086.4     11496.9
13          31     143.677     67.4318           0     11133.3     12642.8
13          32      145.53      68.199           0     12876.8     11427.3
13          33     147.307     69.1291           0     14242.8     10921.2
13          34     149.029     70.1584           0     12838.3     11248.4
13          35     150.748     71.1911           0     11495.1     11330.7
13          36     152.498     72.1706           0     11637.1     11194.4
13          37     154.286     73.0807           0     11982.9     10896.3
13          38     156.101     73.9329           0     11983.5       10529
13          39     157.933     74.7494           0     12391.2     11005.6
13          40     159.772     75.5502           0     12091.9     11556.2
#1
14           0     198.575      61.422           0     15851.5       13300
14           1     198.875     63.3234           0       15810     12648.6
14           2      199.23     65.2152           0     15136.7     12577.9
14           3     199.662     67.0909           0       15003     12496.7
14           4     200.172     68.9469           0     15446.6     13050.2
14           5     200.748     70.7835           0     17148.2     13786.7
14           6     201.375     72.6031           0       20517       13160
14           7     202.025     74.4148           0     19251.4     13410.7
14           8     202.647     76.2366           0     17683.6     13499.2
14           9     203.213     78.0761           0     17399.2     14957.1
14          10     203.733     79.9294           0     17771.3     16133.1
14          11     204.255      81.782           0     17577.3     15439.5
14          12     204.836     83.6169           0     21328.6     14053.6
14          13     205.471     85.4343           0     22396.2     13649.9
#1
15           0     396.782     91.1461           0     13951.6     12951.5
15           1     396.963     93.1016           0     15794.8     13921.5
15           2      397.14     95.0576           0     13300.3     13045.8
15           3     397.301     97.0149           0     13986.7     12861.9
15           4     397.435     98.9743           0     13067.9     13333.9
15           5     397.543     100.935           0     13745.6     12505.7
15           6     397.644     102.897           0     13191.9     13004.4
15           7     397.759     104.857           0     12691.5       12746
15           8     397.884     106.817           0     12949.6       12648
15           9     398.003     108.777           0     12788.7     13107.6
15          10     398.106     110.739           0     13720.7     14084.6
15          11     398.184     112.701           0     15790.8     14549.2
15          12     398.227     114.665           0     13591.3     13469.6
15          13     398.245     116.628           0     12133.1     11829.7
#1
16           0     400.072     53.0578           0       11673     5369.18
16           1     399.492     54.9594           0     12127.2     5652.14
16           2     399.058     56.8994           0     9628.03     7056.33
16           3      398.76     58.8648           0     9628.05     6800.89
16           4     398.564     60.8431           0     9899.44     7235.63
16           5     398.458     62.8283           0     10461.1     7385.12
16           6      398.46     64.8162           0     11325.5     7270.23
16           7     398.575     66.8008           0       11259      7167.3
16           8     398.742     68.7818           0       11902     7603.74
16           9     398.938       70.76           0     11297.3     8244.64
16          10     399.142     72.7375           0     11327.2     7937.43
16          11     399.352     74.7143           0     11144.8     7696.73
16          12     399.571     76.6902           0     10665.5     7330.79
16          13     399.786     78.6664           0     11647.3     7310.09
16          14     399.979      80.645           0     10875.4      8675.5
16          15     400.121     82.6279           0     11232.3     8325.67
16          16     400.187     84.6147           0     11600.2     8554.42
16          17     400.166     86.6026           0     12137.5      8793.1
16          18     400.062     88.5878           0       12270      9585.2
16          19     399.889     90.5682           0     13077.7     11638.1
16          20      399.68     92.5452           0     14893.3     12422.9
16          21     399.477     94.5227           0     13336.3     13158.4
16          22     399.304     96.5031           0     13315.2     12642.4
16          23     399.168     98.4864           0     13424.8     12498.9
16          24     399.075     100.472           0     13236.3     12838.9
16          25      399.03      102.46           0     12821.3     12931.8
16          26      399.03     104.448           0     13002.8     12447.4
16          27     399.048     106.435           0     12337.5     12496.7
16          28     399.096     108.423           0     12526.8     12687.3
16          29     399.153      110.41           0     13125.2     13747.6
16          30       399.2     112.397           0     15688.5     14236.5
16          31     399.229     114.385           0     15278.9     13728.5
16          32     399.246     116.373           0     11507.7     12156.8
16          33     399.269     118.361           0     10262.3       10965
#1
17           0     335.671     95.7059           0     13173.3     12563.8
17           1     334.998     97.6314           0     13836.8     12186.7
17           2     334.306       99.55           0     13101.6       11350
17           3     333.566      101.45           0     13414.8     11766.8
17           4     332.765     103.326           0     13391.2     11713.6
17           5     331.915      105.18           0     14126.4     11610.9
17           6     331.043     107.024           0       14373     11937.5
17           7     330.175     108.869           0     15595.3     12631.3
17           8     329.311     110.717           0     15784.1     12630.5
17           9     328.469     112.575           0     15917.4     12808.5
17          10     327.678     114.454           0     17341.1     12791.7
17          11     326.939     116.355           0     17429.2     13589.3
17          12     326.247     118.274           0     16828.8     13173.4
17          13     325.582     120.202           0     16353.5     14434.8
17          14     324.921     122.132           0     17470.8     17786.5
17          15     324.255     124.059           0     24931.1     19445.2
