image	C:/Users/avirm/Documents/Research/Image 5/BB (59).tif
intensity-scaling	0
gaussian-std	2
ridge-threshold	0.005
maximum-foreground	65535
minimum-foreground	0
init-z	true
snake-point-spacing	2
minimum-snake-length	6
maximum-iterations	10000
change-threshold	0.1
check-period	100
alpha	0.01
beta	0.1
gamma	2
external-factor	1.8
stretch-factor	0.3
number-of-background-radial-sectors	8
background-z-xy-ratio	2.88
radial-near	3
radial-far	7
delta	4
overlap-threshold	1
grouping-distance-threshold	4
grouping-delta	8
minimum-angle-for-soac-linking	2.1
damp-z	false

s           p           x           y           z      fg_int      bg_int
#1
0           0     272.918     346.732           0     50611.5     21188.6
0           1     273.493     344.805           0     45040.9     21642.3
0           2     274.094     342.887           0     40396.4     23202.8
0           3      274.76      340.99           0     37760.8     22687.9
0           4     275.509     339.125           0     38335.5     22703.7
0           5     276.352     337.299           0     39031.4     24338.4
0           6     277.302     335.528           0     40066.5       24158
0           7     278.392     333.838           0     40399.7     24955.8
0           8     279.638     332.261           0     40489.1     23689.9
0           9     281.054     330.834           0     40381.1       20894
0          10     282.644     329.604           0     37115.9     19000.6
0          11     284.397     328.619           0     34781.7     18688.3
0          12     286.286     327.931           0     33595.2     20179.7
0          13      288.26     327.553           0     30325.5     21407.4
0          14     290.266     327.422           0     26973.1     18429.8
0          15     292.276     327.438           0     26128.3     16749.1
0          16     294.285     327.526           0     25595.4     16523.3
0          17     296.292     327.639           0     26463.8     15623.9
0          18       298.3     327.746           0     30966.7     15413.9
0          19     300.308     327.821           0     28998.9     15336.7
0          20     302.319     327.848           0     31150.5     15079.4
0          21     304.329      327.82           0     31357.2     14652.4
0          22     306.338     327.744           0     31111.4     14796.6
0          23     308.345     327.634           0     26799.4     14708.5
0          24     310.351     327.506           0     28214.8     14723.4
0          25     312.357     327.366           0     29824.8     14809.7
0          26     314.362     327.223           0     26853.4     14594.7
0          27     316.368     327.086           0     27365.3     14650.9
0          28     318.375     326.971           0       24738     15249.6
0          29     320.384     326.896           0       23831       15650
0          30     322.394     326.874           0     29294.8     15935.1
0          31     324.404     326.908           0       29476     16359.3
0          32     326.413     327.001           0     27982.3     16059.7
0          33     328.418     327.145           0     28128.2     16382.7
0          34      330.42      327.33           0     27750.8     16082.6
0          35     332.419     327.542           0     28750.6     16004.8
0          36     334.416     327.771           0     27876.3     16765.6
0          37     336.412     328.014           0     27863.2     16284.3
0          38     338.405     328.275           0     23399.5     16732.4
0          39     340.395     328.563           0     22787.8     16451.8
0          40     342.381     328.874           0     24628.2     15526.7
0          41     344.364     329.201           0     22153.7     15677.5
0          42     346.344     329.551           0     20291.8     15495.7
0          43     348.314     329.953           0     21812.5     15538.4
0          44     350.261     330.453           0     23843.3     15538.8
0          45     352.167     331.091           0     25407.8     15354.8
0          46     354.011     331.893           0     28359.6     15539.4
0          47     355.769     332.867           0     30669.4     16930.6
0          48      357.43     334.001           0     30753.5     16365.1
0          49      358.99     335.268           0     26923.5       15849
0          50     360.461     336.638           0     26505.4     16301.4
0          51     361.856     338.086           0     26796.5     15751.2
0          52     363.194     339.586           0     28498.1     15732.6
0          53     364.496     341.118           0     28977.4     15946.6
0          54     365.772     342.672           0       28017       16774
0          55     367.015     344.251           0     26506.6     16893.2
0          56     368.208      345.87           0     25776.7     18071.9
0          57     369.319     347.545           0     27859.4     18695.6
0          58     370.307     349.296           0     28708.4     18998.4
0          59      371.14     351.126           0     28722.1     17600.4
0          60     371.811     353.021           0     33570.7     16587.1
0          61     372.345     354.959           0     33005.7     16024.2
0          62     372.783     356.921           0     34549.4     15706.7
0          63     373.162     358.895           0     31536.3       15591
0          64     373.505     360.876           0     32529.4     16482.7
0          65     373.821     362.861           0     32865.8     16092.1
0          66     374.115      364.85           0     34654.1     15406.3
0          67     374.394     366.841           0       35642     15887.1
0          68     374.671     368.832           0     36671.4     16216.4
0          69      374.96     370.822           0     36818.5     16439.7
0          70     375.282     372.806           0     31841.8     17031.3
0          71     375.653     374.782           0     31881.8     18029.6
0          72     376.079     376.747           0     35102.6     18371.8
0          73      376.56     378.699           0     35337.7     18317.1
0          74     377.139     380.624           0     38331.9     18526.3
0          75     377.953     382.462           0     39791.1     20022.5
0          76     379.201     384.036           0     28272.5     23654.4
0          77     380.866     385.161           0     19326.4     17153.6
0          78     382.733     385.905           0     19018.5     12517.3
0          79     384.667     386.454           0     17293.8     13717.8
0          80     386.613     386.957           0     16773.8       13648
0          81      388.55     387.498           0     16895.1     14050.7
0          82     390.465     388.108           0     16961.4     14412.8
0          83     392.357     388.787           0     16099.2     13466.3
0          84      394.23     389.519           0     16404.6     14239.6
0          85     396.092     390.277           0     15576.3     13149.7
0          86     397.969     390.997           0     16882.6     14151.3
0          87     399.888     391.596           0     18319.4     16692.5
0          88     401.862     391.974           0     25577.1     20209.9
0          89     403.868     392.099           0     36055.6     22359.3
0          90     405.879     392.092           0     30837.7       27861
#1
1           0     124.731     241.596           0     9099.15     5140.72
1           1      125.84     243.255           0     24844.5     6375.59
1           2      127.01     244.872           0     32899.5     11452.8
1           3     128.325     246.373           0     29988.2     12270.5
1           4     129.783     247.736           0     27942.7     12281.4
1           5     131.342     248.982           0     32284.6     12497.2
1           6     132.968     250.139           0     29242.4     12358.7
1           7     134.648     251.215           0     28356.8     12540.8
1           8     136.381     252.206           0     25656.9     12210.2
1           9     138.149     253.132           0     26069.4       12009
1          10     139.937     254.017           0     27163.3     12116.4
1          11     141.733     254.887           0     26817.1     12314.5
1          12      143.53     255.756           0     27803.3     12952.7
1          13     145.324      256.63           0     25921.7     12419.2
1          14     147.114     257.512           0     25193.9     12405.8
1          15     148.895     258.414           0     29027.1     12945.8
1          16     150.654     259.356           0       30257     12979.7
1          17     152.376     260.364           0       28366     13406.6
1          18     154.055     261.444           0     29818.7     14470.5
1          19     155.708     262.561           0     26625.1     16583.3
1          20     157.388     263.638           0     23771.3     16772.4
1          21     159.149     264.578           0     25914.9     16091.9
1          22     161.001     265.321           0     28679.4     14770.4
1          23     162.916     265.883           0     33424.8     13581.6
1          24     164.861     266.329           0     32989.6     13716.6
1          25     166.816     266.731           0     34513.1     14018.4
1          26     168.771     267.132           0     34092.7     14312.8
1          27     170.723     267.546           0     35907.6     13891.1
1          28     172.674     267.966           0       40921     13682.6
1          29     174.627     268.378           0     42778.2     14164.9
1          30     176.585     268.761           0     43360.1     13859.9
1          31     178.551     269.103           0     43462.1     13980.2
1          32      180.52     269.428           0     40746.4     14900.3
1          33     182.484     269.786           0     36356.1     15926.3
1          34     184.428     270.236           0     34306.1     18373.1
1          35      186.35     270.772           0     32029.6       19452
1          36     188.257      271.36           0     29833.4       18757
1          37     190.158     271.968           0     27343.3     16935.5
1          38     192.054      272.59           0       25866     16881.6
1          39     193.949     273.218           0     21705.2     17829.6
#1
2           0     264.935     236.073           0     24422.1     23209.6
2           1      266.85     236.681           0     29971.4     21221.3
2           2     268.775     237.257           0     27750.2     18073.7
2           3     270.709     237.802           0     23009.8     16155.6
2           4      272.64     238.354           0     20843.6     16213.3
2           5     274.563     238.937           0     20788.5     16539.8
2           6     276.484     239.524           0     19746.5     17026.4
2           7     278.427     240.037           0     23527.3     17907.7
2           8      280.41     240.361           0     24835.4       16358
2           9     282.418     240.412           0     26486.1     15741.2
2          10     284.414     240.178           0     27488.6     15820.8
2          11      286.37      239.72           0       27102     15764.3
2          12      288.29     239.128           0     23715.8     15401.3
2          13     290.192     238.483           0     24969.3       15253
2          14     292.096     237.841           0     24684.7     16333.1
2          15     294.012     237.236           0       26174     15476.6
2          16     295.945     236.688           0     22729.5     15029.3
2          17     297.896     236.208           0     23186.1       14788
2          18     299.864     235.803           0     22891.2     15340.6
2          19     301.846     235.475           0     25420.6     15482.6
2          20     303.838     235.216           0     21731.2     16050.5
2          21     305.837     235.013           0     20789.4     16538.9
2          22     307.841     234.872           0     21722.1       16609
2          23      309.85     234.821           0     22806.1     16239.4
2          24     311.858     234.898           0       21165     15607.7
2          25     313.852      235.14           0     22945.8     14953.8
2          26     315.815     235.569           0     22884.9       13279
2          27      317.73     236.176           0     23916.4     12633.5
2          28     319.591     236.933           0     21365.6     13086.6
2          29     321.405     237.796           0     20152.8     13927.3
2          30     323.191     238.717           0     18768.7       13623
2          31     324.964     239.662           0     17446.4     14715.4
2          32     326.739     240.603           0     16770.6     14512.6
2          33     328.535     241.504           0     16800.1     13284.8
2          34     330.377     242.306           0     18574.9     14832.7
2          35      332.28     242.949           0     18553.5     13511.8
2          36     334.234     243.419           0     20485.5     13030.9
2          37     336.212      243.77           0     22574.6     11875.6
2          38     338.195     244.094           0     24239.8     10219.9
2          39     340.165     244.487           0     23327.5     10325.8
2          40     342.104     245.011           0     24341.8     10036.1
2          41     343.992       245.7           0     19026.8     10186.7
2          42     345.802     246.572           0     15906.4     10395.1
2          43     347.531     247.595           0     13602.2     10979.3
2          44     349.202     248.711           0     13256.3     10979.6
2          45     350.848     249.862           0     13598.1     12744.8
#1
3           0     266.738     255.791           0     16107.6     14357.6
3           1     267.272     257.745           0       20121     12440.7
3           2      267.84     259.691           0     18495.5     12110.2
3           3     268.479     261.613           0     18156.3     13132.8
3           4     269.208     263.504           0     18542.6     13676.2
3           5     270.022     265.359           0     19048.3     12669.1
3           6     270.898     267.186           0       18617     11696.7
3           7     271.794     269.004           0     19530.5     11757.5
3           8     272.681     270.826           0     18516.8     11889.8
3           9     273.532     272.664           0     17490.4     12112.8
3          10     274.323      274.53           0     18278.3     12660.8
3          11     275.028      276.43           0     18501.4     13088.7
3          12     275.629     278.365           0     20932.5     12560.6
3          13     276.131     280.328           0     25317.9     12707.7
3          14     276.557     282.309           0     23576.6     12344.9
3          15     276.942     284.298           0     21746.5     12708.4
3          16     277.303     286.292           0     21831.3     12899.6
3          17     277.639      288.29           0     23039.9     13028.9
3          18     277.933     290.295           0     27192.5     14591.4
3          19     278.155     292.309           0     24212.6     15164.7
3          20     278.286     294.331           0     20682.6     14174.6
3          21     278.325     296.357           0     20743.7     14110.5
3          22      278.29     298.383           0     23150.5     14227.5
3          23     278.202     300.407           0     23969.3       14500
3          24     278.086      302.43           0     25195.5     13807.2
3          25     277.956     304.452           0     26826.5     13231.2
3          26     277.818     306.474           0     26685.2     13195.5
3          27     277.668     308.494           0     26509.3     13242.5
3          28     277.505     310.514           0     27710.9     13779.1
3          29     277.336     312.533           0       27728     14740.6
3          30      277.16     314.552           0       34933     14699.3
3          31     276.972     316.569           0     36883.4       15078
3          32      276.76     318.585           0     37475.8     16326.3
3          33      276.53     320.598           0     37516.3     16902.9
3          34     276.272     322.607           0     38229.8       17502
3          35     276.049     324.621           0       37698     18060.5
3          36     275.918     326.643           0     34322.5     19402.6
3          37     275.898      328.67           0     30230.9     23779.9
3          38     275.954     330.695           0     28711.5     28405.5
#1
4           0     205.736      277.97           0     20764.3     20132.3
4           1     207.632     278.509           0     18241.6     17161.9
4           2      209.52     279.073           0     17878.9     15562.3
4           3     211.396     279.675           0     18038.6     14227.8
4           4     213.263     280.304           0     17781.8       13094
4           5     215.123     280.955           0     15439.2     13256.1
4           6     216.969     281.645           0     16307.5     12809.7
4           7     218.818     282.326           0     15061.1     12552.2
4           8     220.672     282.991           0     16132.9     12357.8
4           9     222.538     283.627           0     15866.8     12130.1
4          10     224.419     284.212           0     17488.4     11773.6
4          11      226.32     284.729           0     18013.7     12103.6
4          12     228.242     285.167           0     18071.2     12251.1
4          13     230.178     285.533           0     19042.2     12066.6
4          14     232.123     285.848           0     21173.1     12077.4
4          15     234.071     286.143           0     17229.7     11750.4
4          16      236.02     286.437           0     15722.2     11507.9
4          17     237.966     286.746           0     15589.7     11122.3
4          18     239.907     287.086           0     14514.9     11019.4
4          19     241.839      287.47           0     14831.5     11190.1
4          20     243.761     287.903           0     14562.7       11380
4          21     245.672     288.385           0     14723.7     10708.3
4          22     247.571      288.91           0     14440.3       10791
4          23     249.462     289.467           0     14354.1     10672.4
4          24     251.345     290.046           0     13915.5     11196.9
4          25     253.217     290.662           0     14597.8     11251.3
4          26     255.081       291.3           0     15152.4     12281.6
4          27     256.935     291.967           0     15714.2     13771.7
4          28      258.77     292.684           0     16911.8     13426.2
4          29     260.591     293.437           0     15230.8     13699.7
#1
5           0     405.879     392.092           0     30837.7     25070.5
5           1         407     390.414           0     30465.6     25091.5
5           2      408.21     388.799           0     31404.7     24418.6
5           3       409.5     387.247           0     31937.6     23438.8
5           4     410.853      385.75           0     33425.5     22537.6
5           5     412.254     384.297           0       32554     22010.6
5           6     413.671      382.86           0     29284.3     21513.8
5           7     415.068     381.404           0     30233.2     21098.9
5           8     416.417     379.903           0     32031.3     20760.9
5           9      417.71     378.354           0     32245.3     19723.2
5          10     418.965     376.774           0       33364     18564.3
5          11     420.216      375.19           0     37839.5     18833.4
5          12     421.491     373.626           0     38303.1     18643.2
5          13     422.808     372.097           0     39948.4     18370.1
5          14     424.174     370.611           0     38888.3     18344.7
5          15     425.592     369.176           0     37910.3     18641.4
5          16     427.081     367.814           0     36561.7     20323.7
5          17     428.685     366.589           0     34976.3     21450.1
5          18     430.447     365.607           0     31461.7     24271.6
5          19     432.356     364.954           0     28014.6     25062.4
5          20     434.345      364.61           0       26930     19298.8
5          21     436.359     364.484           0     28554.3     16842.6
5          22     438.377     364.487           0     28455.1     14982.6
5          23     440.394      364.54           0     31055.6     14784.6
5          24     442.412     364.552           0     31986.5     14954.9
5          25     444.425     364.409           0     31136.5     15527.3
5          26     446.397     363.982           0     26910.6     17201.8
5          27     448.254     363.192           0     17471.2     19622.4
5          28     449.937      362.08           0     16683.7     18535.1
5          29     451.457     360.753           0     17434.9     15566.6
5          30     452.864     359.306           0     14077.5     13741.1
5          31     454.209     357.802           0     13757.7     12940.6
5          32     455.527     356.273           0     14407.7       13704
5          33     456.836     354.737           0     15940.7     14843.6
5          34     458.139     353.196           0     13394.9     14212.4
5          35     459.431     351.646           0     11897.5       12109
5          36      460.71     350.085           0     12146.3     12204.7
5          37     461.978     348.515           0     11316.2     12250.6
5          38     463.236     346.938           0     11605.4     12380.5
5          39     464.489     345.356           0     12362.2     12112.3
5          40     465.734     343.767           0     12017.5     12619.5
5          41     466.955     342.161           0     12604.7     13030.7
5          42     468.122     340.514           0     12929.9     13674.3
5          43     469.176     338.794           0     13140.3     14636.3
5          44     470.048     336.974           0       13974     12583.4
5          45     470.701     335.064           0     12959.2     11701.8
5          46     471.151     333.097           0     14238.2     12134.6
5          47     471.417     331.097           0     15702.2       11520
5          48     471.576     329.085           0       16668     12152.3
5          49     471.562     327.067           0     15730.3     12973.3
5          50     471.345     325.061           0     17887.7     12895.5
5          51     470.976     323.077           0     15978.4     13439.9
5          52     470.552     321.104           0     15129.3     13734.4
#1
6           0     286.286     327.931           0     33595.2     20496.1
6           1     286.991     326.063           0       23564     22836.8
6           2     287.833     324.252           0     23772.5     19725.8
6           3     288.787     322.497           0     24775.6     16776.3
6           4     289.808      320.78           0     24794.4     16345.9
6           5     290.816     319.056           0     23029.3       16701
6           6     291.743     317.287           0     21255.3     15315.4
6           7     292.593     315.479           0     20289.5     14019.5
6           8     293.396     313.651           0     19313.3     13247.4
6           9     294.193     311.819           0     19610.6     13623.2
6          10     295.023     310.002           0     19203.8     13245.6
6          11     295.926     308.221           0       17009     13052.9
6          12     296.935     306.497           0     18784.7     12623.3
6          13     298.067     304.852           0     18378.1     12609.3
6          14     299.318     303.294           0       17155     12437.6
6          15     300.663     301.817           0     16714.1     12364.6
6          16     302.066     300.396           0     15833.3     12123.2
6          17     303.496     299.001           0     16851.5     12241.8
6          18     304.935     297.617           0     16131.2       12453
6          19     306.394     296.252           0     14405.9       11820
6          20      307.89     294.929           0     15607.3     11350.2
6          21     309.432      293.66           0     15737.4     11877.1
6          22     311.013     292.439           0     15782.7     11762.3
6          23      312.62     291.253           0     15006.4       10972
6          24     314.243     290.089           0     13963.5     10991.8
6          25     315.875     288.937           0     14488.3     11035.6
6          26     317.513     287.794           0     14058.5     10491.2
6          27     319.151     286.651           0     13363.5     10925.2
6          28     320.784     285.502           0     14404.1     10559.7
6          29      322.41     284.342           0       17965     10524.8
6          30     324.024     283.165           0     19721.8     11229.2
6          31     325.618     281.961           0       18163     11430.8
6          32     327.186     280.724           0     18086.8     11264.4
6          33     328.725      279.45           0     18012.6     11468.9
6          34     330.238     278.147           0     18028.9     11546.1
6          35     331.739     276.829           0     18265.4     11739.9
6          36     333.245     275.517           0     17695.5     11285.2
6          37     334.767     274.223           0     17281.8     11553.2
6          38     336.309     272.954           0     19829.9     11910.3
6          39     337.869     271.706           0     21209.9     12317.9
6          40     339.441     270.474           0       20896     12034.6
6          41     341.016     269.247           0     21892.3     12606.7
6          42     342.584     268.009           0     21318.8       12722
6          43     344.131     266.746           0     20845.8     12727.2
6          44     345.651      265.45           0     19600.4     13884.9
6          45     347.137     264.115           0     17967.2     14122.7
6          46      348.59     262.745           0     18003.5     14506.4
6          47     350.015     261.346           0     17374.9       14044
6          48      351.42     259.925           0     16347.8     13653.2
6          49     352.815     258.497           0       15370       14137
#1
7           0     217.912     258.913           0     17415.7     15879.7
7           1     219.567     257.844           0     20692.1     15828.4
7           2     221.217     256.767           0     21205.8       16102
7           3     222.856     255.673           0     20733.3     17158.9
7           4     224.482     254.561           0     22729.7     17310.3
7           5     226.103     253.442           0     21042.9     16948.8
7           6     227.738     252.342           0       20304     17063.6
7           7     229.393     251.273           0     21109.8     17450.2
7           8     231.069     250.237           0     22385.2     17215.9
7           9     232.754     249.216           0     21227.7     17047.9
7          10      234.43     248.181           0     23423.6     16810.4
7          11     236.087     247.114           0     25709.3     16723.5
7          12     237.717     246.008           0     27819.3     16445.4
7          13     239.329     244.875           0       27953     17323.6
7          14     240.944     243.746           0     25927.2     18538.1
7          15     242.595     242.671           0     24236.1     18423.6
7          16     244.313     241.707           0     25766.2     18072.5
7          17     246.101      240.88           0     27783.6     18449.2
7          18     247.939      240.17           0     35414.1     18086.3
7          19     249.801     239.525           0     37543.4     17218.7
7          20     251.665     238.888           0     35153.5     17050.2
7          21     253.521     238.226           0     34570.6     16803.4
7          22     255.369     237.542           0     32509.3       16826
7          23     257.212     236.847           0     29814.2     16949.8
7          24     259.063     236.171           0     27272.6     17104.5
7          25     260.923      235.52           0     26306.6       17745
7          26     262.785     234.879           0       25707     19628.9
7          27     264.646     234.232           0     24659.5     22499.2
#1
8           0     465.635     290.366           0     40719.6     20489.9
8           1     464.635     292.121           0     46747.3     19784.9
8           2     463.671     293.897           0     52494.9     19198.2
8           3      462.77     295.705           0     59185.1     19300.6
8           4     461.924      297.54           0     54874.4     19851.3
8           5     461.116     299.391           0     49105.7     19974.8
8           6     460.326     301.251           0     46303.8     20250.8
8           7     459.519     303.103           0     43074.4     20566.9
8           8      458.65     304.927           0     39525.7     22290.5
8           9     457.716     306.718           0     37360.4     21648.6
8          10     456.753     308.494           0     37653.8     21174.2
8          11     455.812     310.282           0     39848.4     20818.4
8          12     454.919     312.094           0     39619.1     20153.3
8          13     454.063     313.924           0     43884.4     19746.9
8          14     453.207     315.754           0     45759.2     19710.6
8          15      452.32     317.569           0     49165.2     18536.5
8          16     451.382     319.358           0       52104     18374.6
8          17     450.391     321.119           0       55630     19149.8
8          18     449.358     322.855           0     53119.8     18396.1
8          19     448.309     324.581           0     50767.3     18139.6
8          20     447.255     326.305           0     49863.2     17675.9
8          21     446.201     328.029           0     55831.6     18793.3
8          22     445.149     329.753           0     56808.3     20688.9
8          23     444.112     331.487           0     58393.3     20514.6
8          24     443.106     333.239           0     54873.6     19360.4
8          25     442.141     335.014           0     54842.2     18415.9
8          26      441.21     336.807           0     50915.4     17999.9
8          27       440.3     338.611           0     46145.3     16883.1
8          28     439.409     340.424           0     42504.5     15877.2
8          29     438.543     342.249           0     37752.8     15694.4
8          30     437.716     344.092           0     37142.6     15936.6
8          31     436.929     345.953           0     34896.9     15623.4
8          32     436.171     347.826           0     30425.7     15877.2
8          33     435.425     349.703           0     29011.1     15558.4
8          34     434.682     351.582           0     30718.3     14811.6
8          35     433.937      353.46           0     28058.9     14599.8
8          36     433.193     355.338           0     28216.3       15173
8          37      432.46     357.221           0     29494.3     15550.7
8          38     431.737     359.107           0     29282.3     16547.1
8          39     431.008     360.991           0       35364     19795.1
8          40     430.247     362.863           0     39063.9       21931
8          41     429.454     364.721           0     37944.8     19700.1
8          42     428.685     366.589           0     34976.3     19937.7
#1
9           0     373.154     328.302           0     19149.2     17069.2
9           1      373.95     326.463           0     21710.5     15274.8
9           2     374.785     324.641           0     27139.8     15088.8
9           3     375.694     322.855           0     32728.8     14614.8
9           4     376.684     321.113           0     32937.9     14298.5
9           5     377.749     319.416           0     31304.8     14666.8
9           6     378.876     317.758           0     31727.7     14959.5
9           7     380.015      316.11           0     35660.8     15007.2
9           8     381.146     314.455           0     31159.7     14964.9
9           9     382.255     312.786           0     31067.7     14442.7
9          10     383.346     311.106           0     29260.9     13518.4
9          11     384.443     309.429           0     27956.7     13362.7
9          12     385.568     307.771           0     30269.6     13505.6
9          13     386.738     306.144           0     32267.7     13340.1
9          14     387.952      304.55           0     31668.4     13070.2
9          15     389.207     302.988           0     34333.3     12722.2
9          16     390.502     301.458           0       26575     13099.9
9          17     391.838     299.964           0     26204.9     13634.4
9          18     393.217     298.511           0     24380.6     14741.6
9          19     394.637     297.098           0     23022.4     13924.7
9          20     396.088     295.715           0     24256.9     13072.6
9          21     397.559     294.354           0       22357     13166.7
9          22     399.043     293.008           0     20717.2     13367.4
9          23     400.534     291.669           0     20922.2     13519.9
9          24      402.02     290.324           0       23184     13434.9
9          25     403.497      288.97           0     25494.4     13357.9
9          26     404.977     287.619           0     24932.2     13076.9
9          27     406.488     286.303           0     21043.2     13065.4
9          28     408.065     285.068           0       18389     13080.8
9          29      409.74     283.967           0     17770.1     11969.8
9          30     411.518     283.042           0     16314.5     12332.8
9          31      413.38     282.302           0       15311     12915.3
9          32     415.302     281.735           0     15722.7       14817
9          33     417.266     281.337           0     18557.5       16191
9          34     419.258     281.119           0       18079     16597.9
9          35     421.261     281.078           0     15786.7     17827.1
9          36     423.263     281.162           0     17524.7     17022.9
9          37     425.262     281.302           0     17989.1     15286.1
9          38     427.261     281.444           0       21240     14263.1
9          39      429.26     281.576           0     20142.2     14549.3
9          40      431.26     281.709           0     23820.7       16354
9          41     433.258     281.861           0     21654.4     15114.3
9          42     435.253     282.047           0     19027.3     13603.1
9          43     437.243     282.279           0     21444.7     13219.9
9          44     439.224     282.583           0     19205.4     11655.8
9          45     441.184     282.999           0     18233.3     11697.4
9          46     443.108     283.558           0     16130.6     11602.3
9          47     444.986     284.259           0     16197.2     11130.7
9          48     446.823     285.058           0     16073.9     10436.8
9          49     448.647     285.889           0     14736.3     11618.5
9          50     450.445     286.773           0     16056.4     11661.4
9          51     452.202     287.737           0     17317.5     14026.4
9          52     453.907      288.79           0     23375.9     15595.1
9          53     455.579     289.894           0     20858.1     18630.1
#1
10           0     108.987     286.334           0           0           0
10           1     110.523     285.099           0     13792.3     381.898
10           2     112.056     283.858           0     13328.3     5346.49
10           3     113.587     282.617           0       13297       10344
10           4     115.138       281.4           0     13309.6     12142.2
10           5     116.735     280.243           0     13624.8       12906
10           6      118.39     279.172           0     13357.9     12245.4
10           7     120.106     278.201           0     14608.1     12362.5
10           8     121.871     277.324           0     14259.5     11850.2
10           9     123.679     276.536           0     14438.1     12049.9
10          10     125.519      275.83           0     15813.2     11897.3
10          11     127.385     275.192           0     17412.4     11727.5
10          12     129.268     274.607           0     19622.9     11909.1
10          13     131.161     274.057           0     19931.2     11786.8
10          14      133.06     273.528           0     19201.3     11959.1
10          15     134.963     273.011           0     21951.5     11638.2
10          16     136.866     272.495           0       19689     12627.4
10          17     138.763     271.959           0       19826     12407.3
10          18      140.65     271.389           0     20022.2     13055.4
10          19     142.524     270.774           0     20553.1     12697.2
10          20     144.384      270.12           0     23364.6       12689
10          21     146.233     269.437           0     21826.8     13348.4
10          22     148.078      268.74           0     22484.1     13101.4
10          23     149.921     268.042           0       22910     13736.5
10          24     151.761     267.333           0     24777.9     14505.2
10          25     153.595     266.609           0     21699.7     16413.5
10          26     155.431     265.892           0     21568.2     21149.5
10          27     157.284     265.218           0     22478.1     20780.8
10          28     159.149     264.578           0     25914.9     17381.7
#1
11           0     151.049     195.321           0     13590.4     13036.2
11           1     153.059      195.38           0     12920.3     12152.2
11           2     155.069     195.433           0     14497.4     11149.1
11           3     157.079      195.47           0     14689.9     10330.3
11           4     159.089     195.498           0     14452.4     9998.73
11           5     161.099      195.54           0     13240.4     9810.67
11           6     163.107     195.628           0       13225     9456.51
11           7     165.115     195.734           0     12344.7     10025.6
11           8     167.121     195.861           0     12440.1     9474.52
11           9     169.126     196.014           0     12599.3     9445.38
11          10     171.127     196.206           0     12660.8      9580.3
11          11     173.121     196.461           0       12121     9383.66
11          12     175.104     196.795           0     11019.5     9800.71
11          13     177.069      197.22           0     13482.2     9517.12
11          14     179.013      197.73           0     12304.4     9066.58
11          15     180.938      198.31           0     12233.7     8834.88
11          16     182.847     198.942           0       12914     9217.86
11          17     184.743      199.61           0     14424.4     8724.23
11          18      186.63     200.302           0       13938     8988.79
11          19      188.51     201.017           0       14666     9209.91
11          20     190.375     201.766           0     14047.9     9176.61
11          21     192.221     202.563           0     14865.4     9250.19
11          22     194.044     203.411           0     16280.4     9208.17
11          23     195.848     204.298           0     14246.8     9379.02
11          24     197.639     205.211           0     13674.7     9292.45
11          25     199.424     206.135           0     15181.1     9635.91
11          26     201.208     207.062           0       15149     9543.76
11          27     202.996     207.981           0     14487.1     9657.13
11          28      204.79     208.888           0     13858.5     9382.27
11          29     206.589     209.787           0       12993     9802.63
11          30     208.387     210.686           0     12254.5     9903.15
11          31     210.178     211.599           0     12739.4      9868.2
11          32     211.958     212.533           0     12446.3     9877.89
11          33     213.725     213.492           0     12178.7      9646.9
11          34     215.481     214.472           0       12060     9887.73
11          35     217.228     215.466           0     12998.6     9588.78
11          36     218.966     216.476           0     13199.6     9725.73
11          37     220.691      217.51           0     13751.6     9843.82
11          38      222.39     218.584           0       15300      9713.8
11          39     224.052     219.714           0     16669.9      9978.5
11          40     225.679     220.895           0     16470.4     10355.5
11          41     227.279     222.113           0     14473.5     10497.9
11          42     228.868     223.345           0     14903.2     10557.2
11          43      230.46     224.572           0     13576.1     11149.7
11          44     232.058     225.792           0     12802.5     11917.9
#1
12           0     265.568     265.043           0     14271.6     13775.7
12           1     264.633     266.802           0     14756.6     12214.9
12           2      263.74     268.581           0     15488.3     11672.2
12           3     262.921     270.396           0     14980.3       11126
12           4     262.188     272.248           0     14915.8     10833.4
12           5     261.537     274.129           0     15403.4     11101.5
12           6      260.96     276.035           0     15172.6     11002.8
12           7     260.458     277.962           0     16238.7     10875.5
12           8     260.033     279.908           0     14941.2     11352.3
12           9     259.689     281.869           0     14313.2     11129.1
12          10     259.426     283.843           0     14528.7     11423.6
12          11     259.249     285.826           0     16419.3     11303.7
12          12     259.162     287.815           0     16619.5     11314.2
12          13     259.179     289.807           0     16580.1     12921.1
12          14     259.306     291.794           0     17939.3     13127.6
12          15     259.532     293.772           0     16414.7       12866
12          16     259.813     295.743           0     16807.8     12750.5
12          17     260.105     297.713           0     18145.4     12679.7
12          18     260.387     299.684           0     16987.3     12872.7
12          19     260.642     301.659           0     16357.3     12979.6
12          20      260.85      303.64           0     16523.5     13832.7
12          21      261.01     305.624           0     17829.2     13530.2
12          22     261.157      307.61           0     18437.5     13354.5
12          23     261.347     309.592           0     17342.8     14363.9
12          24     261.627     311.564           0       19493     14018.6
12          25     262.031     313.514           0     19878.2     13372.1
12          26       262.6     315.422           0     19619.6     13521.7
12          27     263.385     317.252           0     19416.6     13640.1
12          28     264.441      318.94           0     18098.8     14098.2
12          29     265.794     320.401           0     16187.3     15048.4
12          30     267.401     321.577           0     14946.7     15692.6
12          31     269.146     322.536           0     15921.6     16117.2
12          32      270.95     323.378           0     16054.4       17095
12          33     272.731     324.269           0     19064.7     23024.3
12          34       274.4     325.356           0     28580.2     26568.3
12          35     275.918     326.643           0     34322.5     26670.2
#1
13           0     433.568     287.283           0       16362     15337.7
13           1     433.201     289.249           0     17426.8     14459.4
13           2     432.846     291.217           0     16485.7     14038.1
13           3     432.526     293.191           0     16687.9     13409.7
13           4     432.273     295.175           0     16994.3     13405.8
13           5     432.127     297.169           0     16841.9       13256
13           6     432.117     299.169           0     18280.9     12912.4
13           7     432.248     301.165           0     18894.2     12990.4
13           8     432.485      303.15           0     17933.7     13556.3
13           9     432.814     305.123           0     16400.2     13338.4
13          10     433.218     307.082           0     17697.4     13167.2
13          11     433.685     309.026           0     17297.3     13413.1
13          12     434.222     310.952           0     17608.5     14356.5
13          13     434.837     312.855           0     15829.9     13620.2
13          14     435.544     314.726           0     17563.7     13602.1
13          15     436.357     316.553           0     17296.7     13442.4
13          16     437.288     318.322           0     18069.8       13969
13          17     438.343     320.022           0     18538.5       13951
13          18     439.536     321.626           0     19143.2     14405.2
13          19     440.848     323.136           0     17130.3     15758.8
13          20      442.21       324.6           0     15828.1     17927.9
13          21     443.488     326.138           0     18851.2       29075
13          22     444.496     327.864           0     36992.1     30130.8
13          23     445.149     329.753           0     56808.3     31106.7
#1
14           0     264.646     234.232           0     24659.5     23484.3
14           1     266.242     232.973           0       26812     20187.5
14           2     267.898     231.795           0       29872     17765.4
14           3     269.621     230.717           0     28910.7     16161.3
14           4      271.39     229.715           0     27126.6     15043.1
14           5     273.182     228.757           0     26042.8     14585.5
14           6     274.988     227.825           0     27671.4       14409
14           7     276.801     226.905           0     28388.4       14656
14           8     278.625     226.009           0     30972.5     14271.3
14           9     280.472     225.161           0     28099.3     14404.1
14          10     282.368     224.429           0     26120.6     14426.3
14          11     284.339      223.93           0     23558.7     13883.6
14          12     286.367     223.811           0     18837.6     12188.6
14          13     288.371     224.149           0     15271.9     12301.6
14          14     290.266     224.884           0       14635      9577.8
14          15     292.032     225.889           0     13194.6       10460
14          16       293.7     227.051           0     12989.1     10744.9
14          17      295.31     228.291           0     14284.1     12898.1
14          18     296.898      229.56           0     14052.6     13481.2
#1
15           0     432.596     379.184           0     17475.2     15953.3
15           1     433.016     381.138           0     22100.6     15402.6
15           2     433.417     383.095           0     20329.8     14593.3
15           3     433.776     385.061           0     20026.2     14375.2
15           4     434.081     387.035           0       21426     13998.2
15           5     434.347     389.015           0       19045     13417.8
15           6     434.621     390.995           0     17800.7     13137.8
15           7       434.9     392.973           0     19139.1     13418.4
15           8     435.227     394.944           0     17736.7     13160.9
15           9     435.628     396.902           0     16852.7     13733.6
15          10     436.121     398.838           0       18116     14400.6
15          11     436.726     400.742           0       22187     15555.1
15          12     437.469     402.597           0     22694.4     14843.6
15          13     438.379     404.376           0     21549.6       14870
15          14     439.481     406.042           0     19676.9     15206.3
15          15     440.791      407.55           0     17793.7       13548
15          16     442.309     408.849           0     16350.2     12790.6
15          17     443.951     409.987           0     13374.4     10958.9
15          18     445.632     411.068           0     14436.7     9305.56
15          19       447.3     412.167           0     13351.3     5526.24
15          20     448.952     413.291           0     682.277     267.638
#1
16           0      186.35     270.772           0     32029.6     23207.1
16           1     187.763     269.423           0     24121.7     22970.7
16           2     189.132     268.028           0     15506.2     20185.1
16           3     190.467     266.602           0     17164.3     16894.5
16           4     191.843     265.215           0     17141.8     15971.5
16           5     193.312     263.926           0     19402.4     14435.6
16           6     194.875     262.754           0     19850.6     14555.4
16           7     196.504     261.675           0     19797.3     13677.3
16           8     198.169     260.652           0       19322       14160
16           9      199.85     259.657           0     18424.8       13445
16          10     201.539     258.675           0     19242.9     13244.4
16          11     203.234     257.703           0       21643     13247.1
16          12     204.937     256.745           0     21477.6     13172.7
16          13     206.652     255.808           0     20431.6     13514.4
16          14     208.383     254.902           0     20747.8     13370.7
16          15     210.134     254.036           0     21776.4     13218.6
16          16     211.906     253.213           0     22060.4       13845
16          17     213.695     252.428           0     20308.6     14637.4
16          18     215.499     251.676           0     18640.1     14620.3
16          19     217.317     250.961           0     20397.7       15103
16          20      219.15     250.286           0     19412.5     16080.8
16          21     220.992     249.632           0     17452.2     16455.3
#1
17           0     213.876     263.947           0     18027.4     17389.4
17           1     212.895      265.72           0     19854.2     17253.8
17           2     211.899     267.486           0     18351.3     16974.3
17           3      210.88     269.238           0     18745.3     16093.6
17           4     209.831     270.973           0     19004.8     14709.2
17           5      208.77       272.7           0     17643.2     14134.6
17           6     207.721     274.435           0     16812.9     14128.4
17           7     206.705     276.189           0     18941.3     17167.4
17           8     205.736      277.97           0     20764.3     16228.5
#1
18           0     205.736      277.97           0     20764.3     16733.3
18           1     204.822     279.787           0     20184.3     15156.3
18           2     203.998     281.647           0     23493.3     17032.3
18           3     203.268     283.547           0     23663.7     17176.3
18           4     202.612     285.472           0     24735.9     16788.3
18           5     202.029     287.422           0     25835.1       14475
18           6     201.529     289.394           0       25513     13947.9
18           7     201.091     291.381           0     30963.9     14566.2
18           8     200.692     293.376           0     29661.2     16227.4
18           9     200.318     295.376           0     25179.1     14302.8
18          10      199.97     297.381           0     26477.9     13914.2
18          11     199.661     299.392           0     25221.4     13430.3
18          12     199.405      301.41           0     26599.7     13227.9
18          13     199.215     303.436           0     28902.6     13648.7
18          14     199.109     305.468           0     29062.4     13570.3
18          15     199.108     307.503           0     27795.9     13827.6
18          16     199.245     309.533           0     28856.4     15189.2
18          17     199.584     311.539           0     28956.1     15951.3
18          18     200.225      313.47           0     29458.1     16661.5
18          19     201.264     315.219           0     26247.9     18293.2
18          20     202.734     316.624           0     18504.9     16598.7
18          21     204.516     317.606           0     15915.9     14627.1
18          22     206.447     318.246           0     17279.3     11897.2
18          23     208.427     318.718           0       16756     11724.4
18          24     210.414     319.152           0     17503.3     12444.9
18          25     212.399     319.599           0     15850.9     11793.8
18          26     214.382     320.057           0     14087.1     12808.9
#1
19           0     373.154     328.302           0     19149.2     16678.6
19           1     373.486      330.24           0     19726.4     15912.1
19           2     373.727     332.191           0     19517.1     17023.4
19           3     373.851     334.154           0     23253.8     17753.1
19           4     373.845      336.12           0     24502.7       18472
19           5     373.718     338.082           0       22904     17696.9
19           6     373.487     340.035           0     22727.6     17041.9
19           7     373.118     341.966           0     22801.6     17273.9
19           8     372.587      343.86           0     22542.9     18945.3
19           9     371.914     345.707           0     19456.9     21046.6
19          10     371.146     347.517           0     22998.8     21309.6
19          11     370.307     349.296           0     28708.4     18590.6
#1
20           0     203.268     283.547           0     23663.7     19312.6
20           1     204.772     284.884           0     18889.8       19627
20           2     206.288     286.208           0     18343.4     15985.4
20           3     207.799     287.538           0     18487.9     14106.7
20           4     209.277     288.904           0     18385.8     13530.4
20           5     210.697     290.331           0     21401.1     13411.7
20           6     212.031     291.838           0       23030     13639.8
20           7      213.31     293.393           0     22672.1     13066.6
20           8      214.55     294.978           0     25082.7     13309.7
20           9     215.761     296.586           0       28702     13374.6
20          10     216.949     298.211           0     29345.3       12894
20          11     218.119     299.848           0     26353.7     12716.2
20          12      219.28     301.493           0     26167.3     12750.4
20          13     220.436     303.141           0     30040.8     12833.2
20          14     221.586     304.793           0     28051.5       12839
20          15     222.727     306.451           0     29818.8       12877
20          16     223.858     308.116           0     31003.7     12957.1
20          17      224.98     309.787           0     30641.2     13058.7
20          18       226.1      311.46           0     26660.4     13444.8
20          19     227.222     313.131           0     24326.4     12958.5
20          20     228.349     314.798           0     25637.2     13831.2
20          21     229.481     316.463           0     22940.9     14204.9
20          22     230.612     318.127           0     21771.3     14678.5
20          23     231.734     319.798           0     23572.4     14304.8
20          24     232.839     321.481           0     22739.9     15097.1
20          25     233.932     323.171           0       22491     14991.2
20          26     235.045     324.849           0     19253.6     15089.5
20          27     236.215     326.486           0     19242.5     14522.7
20          28     237.475     328.056           0     19542.3     15286.1
20          29     238.834      329.54           0     20514.7     14464.4
20          30     240.289     330.932           0     20806.7     12447.2
20          31     241.837     332.218           0     24418.6     11977.1
20          32      243.49     333.367           0     24867.6     11251.8
20          33     245.263     334.319           0     22147.8     9867.54
20          34     247.148     335.025           0     18392.7     11317.2
20          35     249.104       335.5           0     15958.4     9753.05
20          36     251.081      335.88           0     14737.7     10139.4
20          37     253.067     336.205           0     15067.4       10852
20          38     255.059     336.498           0     14213.3     12246.5
20          39     257.052     336.779           0     14692.4     13354.3
20          40     259.045     337.058           0     13845.3     12835.2
#1
21           0     151.049     195.321           0     13590.4     11929.3
21           1     149.381     196.485           0     14202.3     11284.2
21           2     147.769     197.727           0     15958.9     10980.5
21           3     146.255     199.086           0     18552.3     9252.04
21           4     144.901     200.605           0     18880.2     7762.84
21           5     143.773     202.298           0     13424.2     7324.61
21           6     142.896     204.134           0       10593     7265.78
21           7     142.227     206.056           0     9490.26     6883.37
21           8      141.68     208.016           0     10536.6     7106.44
21           9     141.177     209.987           0      9484.6     6074.25
21          10     140.673     211.958           0     8520.99     6160.54
21          11     140.147     213.924           0     8002.94     6611.76
21          12     139.595     215.882           0     8456.98      6879.1
21          13     139.015     217.833           0     7951.92     6445.12
21          14     138.413     219.776           0     8035.73     6958.47
21          15     137.796     221.715           0     8658.38     7224.21
21          16     137.175     223.653           0     7691.71     6481.51
21          17     136.553      225.59           0      8213.7     7154.84
21          18     135.929     227.527           0     8019.78     7462.62
21          19      135.29     229.458           0     9284.53     8081.19
21          20     134.616     231.378           0     9007.74      8031.8
21          21     133.888     233.278           0     10571.8     8689.18
21          22     133.101     235.155           0     9371.66     7723.72
21          23     132.259     237.007           0     10279.8     8261.99
21          24     131.385     238.844           0     10101.2     8401.22
21          25     130.509     240.681           0     10620.7     8767.27
21          26     129.674     242.537           0     11204.7      8610.2
21          27     128.936     244.433           0     17070.9     13812.6
21          28     128.325     246.373           0     29988.2     19870.9
#1
22           0     409.896     391.651           0       29307     27928.6
22           1     411.568      392.72           0     28911.3     27569.3
22           2     413.226     393.811           0     24188.8     22373.3
22           3     414.852     394.949           0     18136.4       18412
22           4     416.447     396.128           0     16362.5     15998.4
22           5      418.04     397.312           0       16105       15661
22           6     419.666     398.451           0     15382.9     14278.5
22           7     421.337      399.52           0     15005.7     13225.8
22           8      423.07     400.488           0     14417.3     11962.2
22           9     424.869     401.326           0     13077.6     11963.6
22          10      426.73     402.013           0     12820.6     10343.5
22          11     428.645     402.535           0     15027.8     12628.9
22          12     430.601     402.872           0     16935.1     13216.9
22          13      432.57     403.116           0     17113.3     14172.7
22          14     434.534     403.399           0     16015.8     15394.5
22          15     436.474     403.818           0       20230     16385.9
22          16     438.379     404.376           0     21549.6     16144.5
#1
23           0     295.501     242.606           0       16891       15781
23           1     294.998      244.56           0     19291.1     14282.1
23           2      294.46     246.505           0     18074.1     13077.7
23           3     293.859      248.43           0     19483.7     13084.7
23           4     293.185     250.332           0     19660.2     13127.2
23           5     292.451     252.211           0     19206.8     12843.3
23           6     291.679     254.075           0     20624.6     12855.7
23           7     290.862      255.92           0     19734.9     12270.8
23           8     290.017     257.752           0     19363.9     12038.6
23           9     289.161     259.579           0     18447.4     12310.9
23          10     288.325     261.415           0     18042.2       11995
23          11     287.544     263.275           0     19622.1     12371.6
23          12     286.849     265.169           0     20627.1     12035.7
23          13     286.237     267.092           0     17218.4     11719.6
23          14     285.692     269.034           0     16498.1     12223.7
23          15     285.194     270.989           0     15169.2     12337.4
23          16     284.719      272.95           0     14229.8       13023
#1
24           0     192.054      272.59           0       25866     19645.2
24           1     193.644     271.451           0     22361.8     17820.4
24           2     195.265     270.358           0     20183.6     15776.8
24           3     196.906     269.294           0     20952.6     15482.8
24           4     198.567     268.262           0     21244.3       14878
24           5     200.257     267.278           0     20345.8     14541.9
24           6     201.983     266.359           0     20478.7     13951.7
24           7     203.747     265.513           0     20895.2     13991.6
24           8     205.537     264.726           0     19654.7     14083.8
24           9     207.343     263.978           0     21578.3     15378.4
24          10     209.156     263.242           0     19965.1     15792.9
24          11      210.96     262.489           0     19286.7     16062.9
24          12     212.743     261.685           0     19980.1     15812.1
24          13     214.493     260.812           0       19434     15748.1
24          14     216.211     259.878           0     18954.9     15761.9
24          15     217.912     258.913           0     17415.7       15808
#1
25           0     120.408     284.086           0     12352.6     11668.3
25           1     122.288     284.841           0     12521.2     10138.5
25           2     124.172     285.584           0     12392.4     10496.5
25           3     126.064     286.309           0     11915.6     10976.5
25           4     127.963     287.015           0     12372.1     11095.8
25           5     129.865     287.711           0     11772.5     10354.3
25           6     131.768     288.408           0     12012.5     10609.1
25           7     133.669     289.107           0     12313.5       10910
25           8     135.579     289.781           0       13394     10820.3
25           9     137.502     290.419           0     12912.9     10950.1
25          10     139.439     291.013           0     13089.6     10872.4
25          11     141.387     291.567           0     12596.9     11525.7
25          12     143.344     292.093           0     11497.5     11607.9
25          13     145.306     292.597           0     12140.3     11825.1
25          14     147.273     293.081           0     12189.2     11904.1
25          15     149.247     293.537           0     12661.6     12186.4
25          16     151.229     293.954           0     12422.3     12077.9
25          17     153.222     294.316           0     11744.7     12127.4
25          18     155.228     294.599           0     12495.9     13109.8
25          19     157.247     294.765           0       12458     15105.3
25          20     159.273     294.754           0     13233.6     15505.7
25          21     161.283     294.502           0     14912.1     15571.5
25          22     163.238     293.971           0     18390.5       14261
25          23     165.101     293.176           0     22216.6     13668.3
25          24      166.85     292.154           0     24935.4     13555.6
25          25     168.482     290.954           0     23852.4     14712.2
25          26     170.006     289.619           0     22998.6     13900.5
25          27     171.448     288.196           0     24599.8       13481
25          28     172.842     286.727           0     19421.3     14009.4
25          29     174.216     285.238           0     17893.1       13347
25          30     175.575     283.736           0     18198.3     12142.6
25          31     176.909     282.211           0     20114.2     12326.1
25          32     178.196     280.647           0     17673.9     12291.8
25          33     179.405     279.021           0     18067.6     12363.9
25          34     180.504     277.319           0       16906     13579.9
25          35     181.483     275.546           0       15332     15005.8
25          36     182.395     273.737           0     15754.7     19319.2
25          37     183.348     271.949           0     23647.4     29868.8
25          38     184.428     270.236           0     34306.1     28519.7
#1
26           0      219.23     202.464           0     10812.3     10011.3
26           1     221.181     203.002           0       11904     9873.48
26           2     223.131     203.545           0     12165.1     10119.9
26           3     225.077     204.104           0     11646.2      9813.9
26           4     227.017     204.682           0     11051.7     9610.86
26           5     228.952     205.275           0     10854.8        9531
26           6     230.887      205.87           0       11143     9425.56
26           7     232.816     206.483           0     10276.2     9661.85
26           8     234.741     207.111           0     11809.7     9372.56
26           9     236.661      207.75           0     12372.3      9970.2
26          10     238.583     208.387           0       12694     10153.7
26          11     240.509      209.01           0     11007.5     9934.35
26          12     242.441     209.614           0     11110.2     9657.61
26          13     244.377     210.203           0     10279.6     10073.7
26          14     246.315      210.79           0     10776.3     10745.1
26          15     248.247     211.393           0     10985.3     11004.9
26          16     250.169     212.028           0     10961.9     10758.7
26          17     252.078     212.703           0     11060.7     11091.3
26          18     253.968     213.427           0     11154.5     11247.2
26          19     255.848     214.177           0     11078.1     11126.7
26          20       257.7     214.994           0     11281.9     11808.3
26          21     259.515      215.89           0     11923.5     12352.6
26          22     261.302     216.842           0       13573       13280
26          23     263.076     217.816           0     18229.9     17756.7
#1
27           0      395.53     340.699           0     13669.4     12533.4
27           1     397.022     339.392           0       15318     12710.3
27           2     398.505     338.073           0     16301.4     13345.9
27           3     399.951     336.714           0     15601.2     12955.2
27           4     401.329     335.287           0       15748     13003.3
27           5     402.629     333.788           0     16134.8     12237.9
27           6     403.876     332.245           0     14282.7     12076.3
27           7     405.113     330.694           0     14493.1     11601.8
27           8     406.381     329.167           0     12349.5     11899.7
27           9     407.705      327.69           0     12631.3     11382.2
27          10     409.099     326.277           0     13479.2     11416.6
27          11     410.561     324.937           0       13294     11512.5
27          12     412.088      323.67           0       14030     11688.6
27          13     413.672     322.475           0     15575.2     11733.2
27          14     415.306     321.348           0     15025.2     11997.1
27          15     416.982     320.287           0     14434.7       12006
27          16     418.696     319.287           0       15342       12183
27          17     420.438     318.339           0     14972.1     12057.6
27          18     422.198     317.421           0     14776.2     12022.4
27          19     423.962     316.515           0     13344.2     12414.2
#1
28           0     463.236     346.938           0     11605.4     12207.5
28           1     462.891     349.031           0     12215.2       12200
28           2     462.543     351.124           0     12232.6     12074.6
28           3     462.199     353.217           0     13025.4     12598.6
28           4     461.892     355.316           0     13600.6     14262.6
28           5     461.647     357.423           0     15459.1     13888.6
28           6     461.447     359.535           0     13616.1     13263.2
28           7      461.25     361.648           0     12859.4     11972.8
#1
29           0      150.04     171.762           0     515.035     349.012
29           1     151.897     172.443           0     16812.5     7589.08
29           2     153.755     173.121           0     17058.7     7925.23
29           3      155.62     173.783           0       15388     7535.91
29           4     157.491     174.424           0     14138.8     8671.84
29           5     159.367     175.052           0     14670.3     8523.74
29           6     161.246     175.673           0     13033.8     8449.86
29           7     163.138      176.25           0     13707.2      9657.2
29           8      165.04     176.795           0     16636.4     8152.52
29           9     166.933     177.371           0     13488.1     8268.03
29          10     168.792     178.045           0     11065.4     7382.55
29          11     170.607     178.834           0       10288     7616.83
29          12     172.379     179.712           0     9508.24     7537.18
29          13     174.123     180.648           0        8753     7225.57
29          14     175.851     181.611           0     9159.42     7072.65
29          15     177.576     182.579           0     8870.19     7073.27
29          16      179.31     183.531           0     8763.88     7964.82
29          17     181.058     184.458           0      9089.1     8301.32
29          18     182.822     185.354           0     10018.7     9506.34
29          19     184.599     186.223           0     10070.8     9392.71
29          20     186.382     187.081           0     9574.55     8724.43
#1
30           0     259.045     337.058           0     13845.3       13159
30           1     260.983     337.646           0       14385     13850.6
30           2     262.921     338.235           0     14603.7     13422.7
30           3     264.856     338.831           0     14932.4       14361
30           4     266.786     339.444           0     15868.9     16181.4
30           5     268.696      340.12           0     18664.1     19054.7
30           6     270.558     340.914           0     26027.7     23188.9
30           7     272.354      341.85           0     38480.9     29867.3
30           8     274.094     342.887           0     40396.4     40149.6
#1
31           0     482.039     303.721           0     14585.5     13415.5
31           1     483.654     302.235           0     15481.7       11883
31           2     485.251     300.728           0     15214.7     10160.4
31           3     486.828     299.201           0     13345.8     7465.17
31           4     488.403     297.672           0     11951.7     545.819
31           5     489.984     296.149           0     27.1708           0
#1
32           0     284.719      272.95           0     14229.8     12892.2
32           1     284.817     274.958           0     16405.1     12210.5
32           2     284.852     276.968           0       17001     12519.6
32           3     284.813     278.978           0     19702.5       12347
32           4     284.713     280.986           0     19909.5     12304.4
32           5     284.589     282.993           0     15653.3     12653.3
32           6     284.467         285           0     14401.5     13322.5
#1
33           0      352.33     368.994           0     15790.3     14232.1
33           1      354.17     369.694           0     17572.9     13874.9
33           2     356.011     370.391           0     17714.4     14490.4
33           3      357.86     371.066           0     18088.5     14222.1
33           4     359.727     371.691           0     17117.4     14547.7
33           5     361.617     372.243           0       18557     14789.8
33           6     363.529     372.709           0     17875.6       14784
33           7     365.468     373.049           0     17665.9     15320.6
33           8     367.428     373.238           0     17243.8     15382.8
33           9     369.396     373.272           0       16158     15828.2
33          10     371.362     373.178           0     16681.3     16576.4
33          11     373.323     373.005           0     23889.1     22474.1
33          12     375.282     372.806           0     31841.8     34757.3
#1
34           0     225.236     247.826           0       18244     16445.2
34           1     226.887     246.692           0     20913.7     16338.9
34           2     228.554     245.582           0     21669.7     16189.9
34           3     230.266     244.544           0     22475.3       16134
34           4     232.048      243.63           0     20490.4     18395.3
34           5     233.893     242.851           0     18852.5     17467.8
34           6     235.769     242.149           0     19257.7     18451.6
#1
35           0     218.328     267.012           0       17495     15757.2
35           1     220.179     266.251           0     20005.4     15168.6
35           2     222.026     265.484           0     21858.5     14985.3
35           3     223.872     264.714           0     22003.5     14826.3
35           4     225.718     263.941           0     18764.4     15254.3
35           5     227.562     263.167           0     17241.2     15356.2
#1
36           0     273.493     344.805           0     45040.9     26428.3
36           1     275.474     344.404           0     38273.4     26147.7
36           2     277.494     344.386           0     23333.2     24687.2
36           3     279.489      344.71           0     18890.4     17512.2
36           4     281.438     345.247           0     16418.1     16465.5
36           5     283.346     345.915           0       16016     15337.7
36           6     285.212     346.691           0       15487     14819.3
36           7     287.059     347.513           0     14635.9       13610
36           8     288.912      348.32           0     13249.3     12611.6
36           9     290.779     349.094           0     13514.4     12355.5
36          10     292.656     349.846           0     12645.6     12469.3
36          11     294.535      350.59           0     12460.8     11466.2
#1
37           0     266.738     255.791           0     16107.6     15101.9
37           1     268.147     254.284           0     16875.7     12861.5
37           2     269.499     252.727           0     18193.3     12812.7
37           3     270.806     251.131           0     22324.1     13397.6
37           4     272.098     249.523           0     20351.8     14350.8
37           5     273.405     247.927           0     18842.7     13661.7
37           6     274.746      246.36           0     16903.2     14042.1
37           7     276.123     244.824           0     18126.2     14700.1
37           8     277.534     243.319           0     18454.8     16116.9
37           9     278.972      241.84           0     21029.3     16863.8
37          10      280.41     240.361           0     24835.4     17130.7
#1
38           0     392.818     282.854           0       13525     12117.8
38           1     393.139     284.888           0     14494.7     11723.1
38           2     393.503     286.915           0     12588.9     12264.4
38           3     393.921     288.931           0     12373.8     12588.9
38           4      394.34     290.948           0     12477.6       15694
38           5     394.648     292.984           0     13774.4     17787.1
38           6     394.743     295.041           0     17568.3     16450.8
38           7     394.637     297.098           0     23022.4     15300.2
#1
39           0     444.425     364.409           0     31136.5     15606.1
39           1      446.42     365.067           0     35694.9     15774.4
39           2     448.452       365.6           0     33164.3     16593.4
39           3     450.502     366.065           0       30230     16581.9
39           4     452.551     366.528           0     24463.1     15536.4
39           5     454.597     367.008           0     24479.7     14544.3
39           6     456.637     367.509           0     25728.1       14337
39           7     458.683     367.988           0     25968.9     13581.9
39           8     460.737     368.428           0     24972.9     14156.5
39           9     462.797     368.843           0     21943.7     14135.8
