image	C:/Users/avirm/Documents/Research/Image 4/BB (54).tif
intensity-scaling	0
gaussian-std	2
ridge-threshold	0.005
maximum-foreground	65535
minimum-foreground	0
init-z	true
snake-point-spacing	2
minimum-snake-length	6
maximum-iterations	10000
change-threshold	0.1
check-period	100
alpha	0.01
beta	0.1
gamma	2
external-factor	1.8
stretch-factor	0.3
number-of-background-radial-sectors	8
background-z-xy-ratio	2.88
radial-near	3
radial-far	7
delta	4
overlap-threshold	1
grouping-distance-threshold	4
grouping-delta	8
minimum-angle-for-soac-linking	2.1
damp-z	false

s           p           x           y           z      fg_int      bg_int
#1
0           0      142.99     343.153           0     53250.9     44404.6
0           1     144.463     344.497           0     60073.7     44748.8
0           2     145.932     345.846           0     64058.9     45686.5
0           3     147.381     347.216           0     64836.5     47472.8
0           4     148.793     348.623           0     64639.1     48320.2
0           5     150.128     350.105           0       65437     48734.8
0           6     151.328     351.697           0       65513     50839.6
0           7     152.492     353.316           0     65081.4     50715.1
0           8     153.686     354.913           0       65277     50909.7
0           9     154.934     356.469           0       65513     50106.1
0          10     156.225     357.988           0       65513     49192.3
0          11     157.533     359.493           0       65513     50081.1
0          12     158.842     360.997           0       65513     51110.2
0          13     160.155     362.498           0       65513     51958.3
0          14     161.504     363.966           0       65513     55274.2
0          15     162.932     365.357           0       65513     57633.7
0          16     164.459      366.64           0       65513     57677.1
0          17     166.055     367.835           0       65513       58285
0          18     167.669     369.006           0       65513     57858.2
0          19     169.258      370.21           0       65513     56885.2
0          20     170.817     371.454           0       65513     57098.2
0          21     172.372     372.702           0       65513     56585.8
0          22     173.955     373.914           0       65513     55981.1
0          23     175.582     375.067           0       65513     54676.8
0          24     177.246     376.166           0       65513     53932.4
0          25     178.934     377.227           0       65513     53302.3
0          26     180.635     378.268           0       65513     52585.6
0          27     182.339     379.303           0       65513     52209.7
0          28     184.045     380.335           0       65513     51712.5
0          29     185.756     381.359           0       65513     50915.7
0          30     187.478     382.365           0       65513     51258.4
0          31      189.21     383.352           0       65513     50931.9
0          32     190.957     384.315           0       65513     51239.3
0          33      192.72     385.246           0       65513     53873.3
0          34     194.504     386.136           0       65513       55136
0          35     196.308     386.985           0       65513     54706.8
0          36     198.129     387.797           0       65513     53932.1
0          37     199.961     388.585           0       65513     53049.4
0          38     201.798      389.36           0       65513     54246.6
0          39     203.635     390.136           0       65513     55560.9
0          40     205.467     390.922           0       65513     57102.8
0          41     207.295     391.719           0       65513     55436.7
0          42      209.12     392.522           0       65513     54481.4
0          43     210.945     393.326           0       65513     55339.1
0          44     212.771     394.127           0       65513     56280.7
0          45     214.603     394.915           0       65513     55272.7
0          46     216.443     395.682           0       65513     55474.7
0          47     218.295     396.422           0       65513     55088.1
0          48     220.157     397.136           0       65513     54429.9
0          49     222.026     397.831           0       65513     55174.2
0          50     223.896     398.523           0       65513     54899.8
0          51     225.757     399.238           0       65513     56087.7
0          52     227.595     400.012           0       65513     61564.3
0          53     229.393     400.874           0       65513       61600
0          54     231.145     401.825           0       65513     60049.3
0          55     232.865     402.835           0       65513     58801.4
0          56     234.575      403.86           0       65513     58630.3
0          57     236.293     404.872           0       65513     58708.3
0          58     238.027     405.857           0       65513     58162.4
0          59     239.772     406.821           0       65513     57172.3
0          60     241.521     407.779           0       65513     57518.3
0          61     243.266     408.743           0       65513     57208.8
0          62     245.002     409.725           0       65513     55739.8
0          63     246.724     410.729           0       65513     56463.5
0          64     248.432     411.758           0       65513     55882.2
0          65     250.127      412.81           0       65513     56236.8
0          66      251.81     413.879           0       65513     56201.4
0          67     253.484     414.961           0       65513     56478.2
0          68     255.156     416.048           0       65513     55975.9
0          69     256.834     417.126           0       65513     55981.3
0          70     258.526      418.18           0       65513     55361.8
0          71      260.24     419.199           0       65513     55943.4
0          72     261.981     420.172           0       65513     54029.2
0          73     263.751      421.09           0       65513     45877.5
0          74     265.554     421.941           0       65513     43641.1
0          75     267.394     422.709           0       65513       35083
0          76     269.269     423.389           0     65121.2     35686.6
0          77     271.182     423.951           0     62804.1     29027.1
0          78     273.134     424.357           0     62168.9     28812.1
0          79     275.115     424.576           0     58232.8     29554.1
0          80     277.109     424.582           0     48712.8       27129
0          81     279.092     424.376           0     42683.4       33440
0          82     281.045     423.973           0     37804.2     34609.9
0          83     282.964     423.432           0     40183.8     35877.3
0          84     284.864     422.826           0     41151.9     33356.2
0          85     286.754     422.192           0     38608.7     31681.4
0          86     288.631     421.517           0     40187.5       31860
0          87      290.48     420.771           0     40290.9     32377.7
0          88     292.294     419.943           0     37541.3     33217.2
0          89     294.079     419.055           0     37945.8     35555.9
0          90     295.848     418.135           0     40895.2     35534.6
0          91       297.6     417.183           0       42860     36315.8
0          92     299.313     416.162           0     40425.4     37696.7
0          93     300.993     415.088           0     43004.6     41362.8
0          94     302.593     413.898           0     47203.5     45173.2
0          95     304.079     412.569           0     50754.6     48562.3
0          96     305.462     411.132           0     57353.6     59545.5
0          97     306.789     409.644           0       65513     65512.4
#1
1           0     34.3017     384.055           0           0           0
1           1     35.7536     382.667           0     15172.5     237.156
1           2     37.1983     381.272           0     15045.7     3625.95
1           3     38.6868     379.923           0     14580.3     12017.4
1           4     40.3206     378.756           0       15364     16247.8
1           5     42.1475     377.926           0     16544.3     15757.8
1           6     44.1141     377.531           0     20698.9     15200.4
1           7     46.1199     377.572           0     26403.1     14554.9
1           8     48.0949     377.932           0       31173     14128.9
1           9     50.0206     378.501           0     35348.8     14403.7
1          10     51.9142     379.171           0       34003     15312.2
1          11     53.8005     379.861           0     30045.5     15606.8
1          12     55.6945      380.53           0     27516.2     15807.4
1          13     57.6011     381.162           0     29737.6     15913.3
1          14     59.5201     381.756           0     29813.3     15072.7
1          15     61.4494     382.315           0     29244.2     15233.7
1          16     63.3859     382.848           0     27531.9     13272.2
1          17     65.3257      383.37           0     27805.7     14005.4
1          18     67.2676     383.883           0     28120.4     13489.9
1          19     69.2119     384.388           0     28891.5     12746.8
1          20     71.1596     384.879           0     30107.9     13144.4
1          21     73.1126     385.348           0     26976.8     12299.1
1          22     75.0724     385.789           0     30782.4     12103.4
1          23       77.04     386.193           0     29725.5     13085.8
1          24     79.0154     386.557           0     28808.5     12658.9
1          25     80.9967     386.887           0     27216.4       12400
1          26     82.9816     387.196           0     28184.7     14249.7
1          27     84.9684     387.491           0     24450.5     13813.7
1          28     86.9565     387.778           0     26065.8     16057.6
1          29     88.9468     388.049           0     29753.7     16656.7
1          30     90.9388     388.307           0     31504.5     20217.3
1          31      92.929     388.579           0     37932.9     21139.1
1          32     94.9135      388.89           0     37935.7     16772.5
1          33     96.8929     389.231           0       37064     16030.2
1          34     98.8695     389.589           0     38005.5     16801.2
1          35     100.843     389.961           0     37981.7     15945.6
1          36     102.814      390.35           0     32575.5     16109.2
1          37     104.782     390.754           0     36552.3     16374.8
1          38     106.747      391.17           0     38410.8     15705.1
1          39     108.712     391.584           0       43090     18001.7
1          40     110.679     391.995           0     49797.2     17778.7
1          41     112.645     392.407           0     50808.9     17342.5
1          42     114.609     392.826           0       53623       18821
1          43     116.573     393.248           0     54767.5     18081.4
1          44     118.539     393.657           0     54856.4     18631.8
1          45     120.511     394.042           0     58254.1     18924.2
1          46     122.487     394.404           0     52848.8     19380.3
1          47     124.458     394.788           0     45665.3     21111.9
1          48      126.41     395.261           0     45121.9     20674.7
1          49     128.328      395.86           0     50068.6     19047.6
1          50     130.207     396.569           0     50951.4     19126.5
1          51     132.064     397.334           0     52467.1     20021.5
1          52     133.919     398.106           0     55906.5     19526.8
1          53     135.785     398.848           0     53685.1     21220.1
1          54     137.669     399.545           0     56053.9     17279.6
1          55     139.574     400.183           0     59267.4     16997.4
1          56     141.509      400.72           0     58389.8     16299.3
1          57     143.472     401.146           0     53490.3     13965.4
1          58     145.455     401.465           0     47697.1     18868.1
1          59      147.45     401.698           0     46480.1       17335
1          60     149.451     401.874           0     46344.2     17870.4
1          61     151.455     402.014           0     49658.1     24026.4
1          62      153.46     402.145           0     52265.1     23583.1
1          63     155.461     402.313           0     50739.6     23901.6
1          64     157.462     402.488           0       50779     28055.4
1          65     159.471     402.524           0     45870.2     27802.4
1          66     161.465     402.286           0     45097.7     36513.4
1          67     163.382     401.687           0     45752.1     42521.5
1          68     165.167     400.767           0     43032.5     46714.2
1          69     166.836     399.649           0     50781.1     56741.3
1          70      168.45     398.454           0     64825.9     62731.2
1          71     170.057     397.248           0       65513     65432.2
#1
2           0     114.161     316.851           0     39666.8     39139.9
2           1     116.167      316.84           0     40820.7     36001.8
2           2     118.174     316.874           0     44579.9     33032.8
2           3     120.177     316.991           0     54900.5     33243.3
2           4     122.172     317.207           0     57204.8     32733.6
2           5     124.154     317.521           0     57928.1     30876.3
2           6     126.121      317.92           0     59186.8     29516.1
2           7      128.08     318.356           0     55322.5     30199.2
2           8     130.051     318.733           0     54329.8       31012
2           9     132.037     319.019           0     57405.4     29022.5
2          10     134.035     319.203           0       51107     27954.2
2          11     136.041     319.281           0       47643     27433.8
2          12     138.047     319.263           0     45910.6     26764.2
2          13     140.052     319.178           0     46666.2     25626.2
2          14     142.056     319.069           0     46435.4     24673.5
2          15      144.06     318.968           0     47528.1     23278.1
2          16     146.065     318.889           0     51398.6     23511.4
2          17     148.071     318.828           0     51049.2     23284.3
2          18     150.078     318.781           0       52571     22411.2
2          19     152.084     318.755           0     49091.1     22775.7
2          20     154.091     318.754           0     45457.1     21418.8
2          21     156.098     318.767           0     44491.1     21330.3
2          22     158.104     318.777           0     47324.3     19234.6
2          23     160.111     318.786           0     46441.8     20182.4
2          24     162.118     318.808           0       49274     19629.9
2          25     164.123     318.877           0     49096.6     19015.7
2          26     166.125     319.025           0     40254.2     19115.5
2          27     168.118     319.257           0     32776.5       17674
2          28     170.104     319.542           0     31239.1     19222.3
2          29     172.087     319.852           0       31337     20229.7
2          30     174.068     320.175           0     28354.2     17368.8
2          31     176.048     320.502           0     27550.6     17717.1
2          32     178.027      320.83           0     27838.2     17995.6
2          33     180.003     321.181           0     29388.2     16791.7
2          34      181.97     321.581           0     36311.1     18224.7
2          35      183.92     322.052           0     41815.6     17263.3
2          36     185.852     322.596           0     51947.1     18606.9
2          37     187.773     323.176           0     56409.8     19934.5
2          38     189.695     323.753           0     54329.4     18143.6
2          39     191.627     324.296           0     47653.1     19768.8
2          40     193.572     324.788           0     43250.9     20610.8
2          41     195.527     325.241           0     47116.4     19267.2
2          42     197.487     325.675           0     51014.5     22081.2
2          43     199.445     326.114           0       58294       23954
2          44     201.398     326.573           0     57763.9       23645
2          45     203.351     327.036           0     63412.1     27426.6
2          46     205.312     327.462           0     60056.1     29650.9
2          47     207.287     327.817           0     63172.5     30409.8
2          48     209.268     328.136           0     63996.3     39692.1
2          49     211.234     328.539           0     62369.1     40181.1
2          50     213.148     329.143           0     58905.2     37440.7
2          51     214.989     329.942           0     61189.5     34982.1
2          52     216.776     330.855           0       65513     33248.5
2          53     218.534     331.822           0       65513     32542.7
2          54     220.278     332.816           0       65513     32836.9
2          55     222.008     333.832           0       65513     32511.8
2          56     223.723     334.875           0       65513       32639
2          57     225.423     335.941           0       65513     31914.6
2          58      227.11     337.027           0       65513     33586.6
2          59     228.785     338.132           0     65484.5     34993.8
2          60     230.441     339.266           0       65513     34418.8
2          61     232.076      340.43           0       65513     33958.8
2          62     233.695     341.616           0       65513     32581.5
2          63     235.312     342.804           0       65384     31451.2
2          64     236.927     343.995           0       65513     30139.5
2          65     238.516      345.22           0     65061.3     31952.6
2          66     240.036      346.53           0     65277.8     34421.8
2          67     241.452     347.953           0     63181.6     36489.1
2          68      242.77     349.466           0     63643.5     34281.9
2          69     244.037     351.022           0     65319.8     31443.9
2          70     245.296     352.585           0     63148.2     30737.3
2          71     246.559     354.145           0     63642.8     30856.5
2          72     247.817     355.708           0     64498.9     31871.6
2          73     249.054     357.288           0       63527     34235.3
2          74     250.281     358.876           0     62923.3     35168.5
2          75     251.559     360.423           0     63421.6     40038.9
2          76     252.967     361.853           0     65416.9     38880.8
2          77     254.511     363.135           0     65248.8     34077.6
2          78      256.14     364.306           0     65396.9     34367.1
2          79      257.81     365.419           0     65257.4     35622.9
2          80     259.494     366.512           0     64423.6     35809.6
2          81     261.174     367.608           0       65513     36386.4
2          82     262.841     368.725           0       65513     36819.8
2          83     264.481     369.883           0       65513     36042.3
2          84      266.08     371.095           0       65513     36378.2
2          85     267.635     372.364           0     65177.5     35889.6
2          86     269.155     373.674           0     59930.1     37780.2
2          87     270.652      375.01           0     57414.1     37820.2
2          88     272.144     376.352           0       59778     37808.3
2          89     273.643     377.686           0     61709.9     36745.9
2          90     275.153     379.008           0       65513     35990.7
2          91     276.674     380.318           0       65513     35699.5
2          92     278.207     381.613           0       65513     36974.2
2          93     279.758     382.885           0       65513     38682.7
2          94     281.331     384.132           0       65513     38826.5
2          95     282.915     385.364           0       65513     37585.8
2          96      284.49     386.607           0       65513     39869.2
2          97     286.038     387.884           0       65513     41035.9
2          98     287.545     389.209           0       65513       42979
2          99     289.011      390.58           0       65513     44785.8
2         100     290.448     391.981           0       65513       44755
2         101     291.867       393.4           0       65513       44924
2         102     293.266     394.838           0       65513       46201
2         103     294.634     396.306           0       65513     46685.5
2         104     295.968     397.806           0       65513     48137.5
2         105     297.281     399.323           0       65513     47100.3
2         106     298.609     400.828           0       65513     43467.6
2         107     299.976     402.297           0       65513     44133.6
2         108     301.396     403.715           0       65513     44619.6
2         109     302.838      405.11           0       65513     47145.5
2         110     304.242     406.544           0       65513     53209.1
2         111     305.559     408.059           0       65513     49189.6
2         112     306.789     409.644           0       65513       48404
#1
3           0     54.1984     298.149           0     39157.1     20850.2
3           1     56.1505     298.434           0     43560.1     17471.8
3           2     58.1029     298.718           0     47486.5     21269.6
3           3     60.0531     299.016           0     49217.3     21563.7
3           4     61.9968     299.355           0     53660.4     20344.7
3           5     63.9294     299.752           0     60427.7     23748.5
3           6     65.8404     300.242           0     65125.4     23064.8
3           7     67.7272     300.819           0       65513     27419.2
3           8     69.5931      301.46           0       65513     34054.7
3           9     71.4241     302.194           0       65513     33270.6
3          10     73.2101     303.032           0       65513     39775.4
3          11     74.9544     303.954           0       65513     41800.7
3          12     76.6664     304.935           0       65513     45676.7
3          13     78.3513     305.961           0       65513     46635.5
3          14     80.0127     307.025           0       65513     46110.6
3          15     81.6595     308.112           0       65513     48203.6
3          16     83.2991     309.209           0       65513       49553
3          17     84.9297      310.32           0       65513     50670.1
3          18     86.5411     311.458           0       65513       51861
3          19     88.1222     312.638           0       65513     52597.4
3          20      89.667     313.865           0       65513     52388.8
3          21      91.181      315.13           0       65513     51939.4
3          22     92.6943     316.396           0       65513     52526.8
3          23     94.2621     317.594           0       65513     54152.8
3          24     95.9279     318.651           0       65513     53974.7
3          25     97.6829     319.552           0       65513     52824.2
3          26     99.4788     320.369           0       65513     51364.7
3          27     101.269     321.199           0       65513       51909
3          28     103.014     322.119           0       65513       51058
3          29     104.721     323.109           0       65513     49471.7
3          30     106.417     324.115           0       65513     47346.4
3          31     108.124     325.105           0     62533.1     45248.2
3          32     109.841     326.076           0       57513     44919.8
3          33     111.562     327.043           0     53641.5     44652.8
#1
4           0     296.927     361.314           0     20112.2     18892.2
4           1     298.473     360.001           0       21415     17421.9
4           2     300.027     358.699           0     20447.2     17396.5
4           3     301.593     357.412           0     20519.2     17054.3
4           4     303.177     356.145           0     21871.8     17679.3
4           5     304.784     354.909           0     21821.2     18142.1
4           6     306.426      353.72           0     23435.3     17849.2
4           7     308.106     352.585           0     24311.4     18182.2
4           8      309.83     351.518           0       24674     18647.7
4           9     311.605     350.538           0     24967.4     19057.7
4          10     313.435     349.665           0     25602.7     19009.9
4          11     315.318     348.914           0     25185.9     19334.4
4          12     317.252     348.303           0       22763     20496.6
4          13     319.228     347.851           0     22636.9     20656.8
4          14     321.237     347.574           0     21343.2     17244.2
4          15     323.262     347.474           0       20998     16909.8
4          16     325.289     347.531           0     20051.8     15640.4
4          17     327.309     347.702           0     21239.9     14469.8
4          18     329.322     347.941           0     19849.8     14874.1
4          19     331.332      348.21           0     20590.8     12795.2
4          20     333.341     348.486           0     21547.4       13931
4          21     335.348     348.768           0     22346.9     14678.5
4          22     337.353      349.07           0     22059.2     12969.1
4          23     339.352     349.409           0     23129.5     14105.2
4          24     341.341     349.803           0     23101.2     14822.1
4          25     343.315     350.265           0     24834.8     13674.9
4          26     345.277     350.778           0     25105.9       14814
4          27     347.234     351.308           0     24876.2     13317.4
4          28     349.198     351.813           0     25078.8     15122.3
4          29     351.175     352.262           0       22433     16074.2
4          30     353.165     352.651           0     19794.5     14077.7
4          31     355.163     352.994           0       18705     14547.9
4          32     357.166      353.31           0       18694     15672.3
4          33     359.169      353.62           0     19471.2     13862.5
4          34     361.174     353.925           0     18726.7     14782.7
4          35      363.18     354.221           0     19304.1     15796.4
4          36     365.187     354.507           0     20637.6     13771.5
#1
5           0     306.789     409.644           0       65513     48682.6
5           1     308.298     410.925           0       65513     47575.4
5           2     309.782     412.235           0       65513     48226.7
5           3     311.263     413.549           0       65513     46817.4
5           4     312.746      414.86           0       65513     45234.3
5           5     314.227     416.174           0       65513     45673.7
5           6     315.697     417.499           0       65513     45808.3
5           7     317.154     418.839           0       65513     45307.9
5           8     318.613     420.177           0       65513     46949.4
5           9     320.086     421.499           0       65513     47823.9
5          10     321.596     422.779           0       65513     49113.9
5          11     323.151     424.004           0       65513     47915.3
5          12     324.733     425.193           0       65513     46273.6
5          13     326.324      426.37           0       65513     46496.9
5          14     327.915     427.549           0       65513     47546.1
5          15     329.512     428.718           0       65513     47996.8
5          16      331.13     429.859           0       65513     49603.4
5          17     332.778     430.956           0       65513       52112
5          18     334.458     432.002           0       65513     52439.2
5          19     336.169     432.998           0       65513     52854.9
5          20     337.907     433.944           0       65513     49050.1
5          21     339.664     434.857           0       65513     41356.4
5          22     341.441     435.729           0       65513     39602.4
5          23     343.243     436.547           0       65513     32505.5
5          24     345.069     437.313           0       65513     32659.6
5          25     346.905     438.053           0       65513     26453.5
5          26      348.74     438.795           0       65513     22323.1
#1
6           0     304.242     406.544           0       65513     63560.4
6           1     306.124     405.808           0     64465.6     57653.8
6           2     307.966     404.979           0     56236.5     49512.2
6           3     309.776     404.079           0     51953.8     39760.3
6           4     311.584     403.178           0       52949     35325.6
6           5     313.418     402.329           0     52333.2     34200.7
6           6     315.291     401.571           0     51681.5     35039.1
6           7     317.187     400.871           0     52353.5     33476.2
6           8     319.098     400.213           0     49545.4     31285.5
6           9     321.014     399.574           0     46958.6     29964.6
6          10     322.935     398.944           0     43179.4     29267.8
6          11     324.859     398.326           0     39381.1     28790.1
6          12     326.785     397.718           0     38508.8     27737.9
6          13     328.712     397.109           0     39890.7     27794.2
6          14     330.637     396.492           0     40628.1     27398.5
6          15     332.558     395.866           0     39060.9     26725.2
6          16      334.48     395.244           0     38370.9     26422.6
6          17     336.413     394.653           0     41639.4     26250.5
6          18     338.365     394.132           0       45569     25319.7
6          19      340.34     393.706           0     43012.5     25167.6
6          20      342.33     393.352           0     37370.9     24540.2
6          21     344.318     392.988           0     35344.9     24729.1
6          22     346.271     392.471           0       33976     24134.3
6          23     348.103     391.619           0     28546.9     25050.2
6          24     349.662     390.334           0     22581.3     29297.9
6          25     350.842     388.694           0       22587     22831.7
6          26     351.682     386.856           0     22132.1     20290.6
6          27     352.309     384.935           0     19873.5     20194.3
6          28     352.865     382.992           0     19434.3     19426.6
6          29     353.448     381.058           0     19454.4     19153.2
6          30     354.103     379.146           0       19048     18733.4
6          31     354.821     377.257           0     20348.4     18127.7
6          32     355.563     375.378           0     17444.2     17859.9
6          33     356.292     373.493           0     17565.1     17898.6
6          34     356.983     371.594           0     17870.2     17784.1
6          35     357.625     369.678           0     17682.6     17502.8
6          36     358.218     367.746           0     17819.2     16547.2
6          37     358.766     365.801           0     16898.2     16516.1
6          38     359.266     363.843           0     17622.8     15392.3
6          39     359.723     361.875           0     18079.9     16540.2
6          40     360.136     359.897           0     17880.5     16142.9
6          41      360.51     357.911           0     18845.2     15301.3
6          42     360.854      355.92           0     18711.2     17193.1
6          43     361.174     353.925           0     18726.7     16785.5
#1
7           0     54.1991     320.647           0     30124.5     27209.6
7           1     53.9649     322.647           0     25434.6     23258.1
7           2     53.7453     324.649           0     17644.3     17636.5
7           3     53.5351     326.653           0     16077.2     15878.7
7           4      53.321     328.655           0     14708.9     15343.3
7           5     53.1004     330.657           0     14799.3     14899.2
7           6     52.8859      332.66           0       14839       14029
7           7     52.7004     334.666           0       13039     13802.5
7           8     52.5816     336.676           0     13847.7       13202
7           9     52.5975     338.691           0       14096     13530.5
7          10     52.8272     340.692           0     14250.2       15166
7          11      53.351     342.636           0     14743.3     15000.9
7          12       54.21     344.458           0     16400.9     14288.6
7          13     55.3734     346.102           0     18158.9     14919.7
7          14     56.7656     347.558           0     19645.8     14537.6
7          15     58.3113     348.849           0     17972.9     14657.9
7          16     59.9559     350.012           0     19541.2     15213.5
7          17     61.6677     351.074           0     19215.5     16009.3
7          18     63.4351      352.04           0     20248.7     16031.2
7          19     65.2594     352.893           0     21714.7     16269.1
7          20      67.142     353.609           0     22235.6     16375.5
7          21     69.0739     354.179           0       21390     16642.1
7          22     71.0382     354.625           0     21500.7     17537.3
7          23     73.0193     354.988           0       21290     17753.3
7          24     75.0064     355.318           0     21655.1       18528
7          25     76.9925     355.653           0     23145.2     19444.7
7          26     78.9726     356.022           0     22934.4     19484.9
7          27     80.9431     356.439           0     23000.1     19532.2
7          28     82.9014      356.91           0     22884.5       19397
7          29     84.8473      357.43           0     25541.4       19672
7          30     86.7702     358.029           0     28722.2     19916.5
7          31     88.6661      358.71           0     27793.2     19975.9
7          32       90.53     359.473           0     28084.1     20210.3
7          33     92.3599     360.315           0     25349.9     21377.9
7          34     94.1668     361.205           0     25703.5     24941.5
7          35     95.9691     362.104           0     31934.7     30073.9
#1
8           0     241.452     347.953           0     63181.6     45582.1
8           1     243.453     347.744           0     47747.1     48109.5
8           2     245.418     347.308           0     35728.5     40709.7
8           3     247.334     346.691           0     33633.2     29501.4
8           4     249.239     346.041           0       36158     26850.7
8           5     251.167     345.463           0     39125.2     26327.8
8           6     253.125     344.997           0     40895.5     25560.5
8           7     255.089      344.56           0     39590.1     24285.9
8           8     257.066     344.181           0       41702     25495.7
8           9     259.064     343.934           0     39557.9     26953.4
8          10     261.076     343.898           0     38641.1     29814.7
8          11     263.083     344.058           0     36854.8     32432.5
8          12     265.079     344.315           0     35007.3     33154.5
8          13     267.077     344.557           0     29634.1     27751.5
8          14     269.087     344.666           0     25926.6     24813.6
8          15     271.096     344.549           0     26876.5       22924
8          16     273.074     344.178           0     26376.1       21811
8          17     275.003     343.602           0     27833.3     21060.2
8          18     276.889       342.9           0     31828.2     20605.9
8          19     278.759     342.156           0     32112.1     19656.4
8          20     280.645     341.453           0     32173.1     19681.1
8          21     282.573     340.874           0     31003.5     17377.3
8          22     284.551     340.499           0     30291.3     16419.4
8          23     286.559     340.375           0     26830.5     14510.5
8          24     288.569     340.488           0     23667.7     15260.6
8          25     290.562     340.773           0     23065.2     14049.1
8          26     292.538     341.155           0     21850.7     12713.8
8          27     294.504     341.583           0     21424.4       14022
8          28     296.464     342.043           0     18876.6     14272.4
8          29     298.416     342.534           0     19470.5     13651.8
8          30     300.364     343.039           0     20199.8     15739.7
8          31     302.305     343.571           0     19527.5     13728.4
8          32     304.244     344.112           0     20123.9     15370.8
8          33     306.179     344.667           0     20393.6     17332.5
8          34     308.106     345.248           0     21377.2     16127.6
8          35     310.027     345.849           0     19532.5       18691
#1
9           0     170.057     397.248           0       65513     53513.4
9           1     171.559     398.515           0       65513     54266.2
9           2     173.014     399.837           0       65513     55012.1
9           3     174.447     401.183           0       65513     54896.1
9           4     175.901     402.506           0       65513     52513.7
9           5     177.419     403.754           0       65513     50836.5
9           6     179.024      404.89           0       65513       45893
9           7     180.707     405.905           0       65513       39565
9           8      182.46     406.794           0       65513     30859.9
9           9     184.259     407.586           0       65513       31365
9          10     186.093     408.295           0       65513     25844.2
9          11      187.95     408.939           0     65363.4     19558.5
9          12     189.827     409.521           0     64124.3     22342.3
9          13     191.727     410.027           0     61328.7     17368.5
9          14     193.649     410.438           0     50973.3     21665.3
9          15     195.597     410.701           0       40840     19127.3
9          16     197.561     410.769           0     34546.6     22763.8
9          17     199.523      410.64           0     31990.9       25158
9          18      201.47     410.371           0     31957.9     24072.4
9          19      203.41     410.052           0     31309.2     28627.2
#1
10           0     53.7453     324.649           0     17644.3     20931.7
10           1     55.2128     323.311           0     21407.5     20630.2
10           2     56.9133     322.286           0     25738.8     18556.3
10           3     58.7992     321.664           0     27262.9     18647.4
10           4     60.7661     321.389           0     29329.1     20777.7
10           5     62.7519     321.362           0     30316.8     22925.8
10           6     64.7332     321.498           0     32706.4     21720.8
10           7     66.7081     321.709           0     34514.5     22182.9
10           8     68.6871     321.876           0     33875.6     23047.3
10           9     70.6723     321.934           0     35541.9     24727.5
10          10     72.6554     321.826           0     33982.4     27171.3
10          11     74.6152     321.505           0     35480.1       28851
10          12     76.5103     320.911           0       39390     30507.2
10          13     78.2698      319.99           0     38005.5     33230.6
10          14     79.8532     318.791           0     38066.2     33329.7
10          15     81.2792     317.409           0     40571.3     36196.4
10          16     82.6089     315.934           0     44642.2     40960.9
10          17     83.9064      314.43           0     52804.5     51628.6
10          18     85.2139     312.935           0       65513       65300
10          19     86.5411     311.458           0       65513       65513
#1
11           0     252.967     361.853           0     65416.9     57972.5
11           1      251.11     362.642           0     58457.9     45131.2
11           2     249.369     363.662           0     47867.6     36125.1
11           3     247.748     364.863           0     46129.4     36581.7
11           4     246.183     366.136           0     44321.7     33135.4
11           5     244.613     367.404           0     47563.5     29712.4
11           6     243.046     368.675           0     46033.3     29614.5
11           7     241.514     369.988           0     48319.9     28629.6
11           8     240.024     371.348           0     47011.5     27368.8
11           9     238.561     372.738           0       47164     28926.6
11          10     237.128     374.159           0     48839.2     31773.3
11          11     235.758      375.64           0     48690.5     33013.5
11          12     234.512     377.226           0     51146.8     31372.9
11          13     233.442     378.937           0     52529.6     30544.7
11          14     232.555     380.749           0     52948.1     31068.2
11          15     231.822     382.629           0     64724.7     32248.5
11          16     231.224     384.556           0     64778.3     34240.2
11          17     230.762      386.52           0       65513     35646.3
11          18     230.431      388.51           0       65513     37083.4
11          19     230.202     390.515           0     65417.3       39158
11          20     230.019     392.525           0       65513     43000.4
11          21     229.828     394.533           0     64842.3     50498.8
11          22     229.609     396.539           0     65476.2     59790.6
11          23     229.377     398.543           0       65513       64502
#1
12           0     95.9691     362.104           0     31934.7     24428.6
12           1      95.229     364.029           0     34556.3       21985
12           2     94.6104     365.997           0     32303.3     21456.8
12           3     94.1622     368.011           0     31469.3     21841.7
12           4       93.85      370.05           0     27609.9     20296.7
12           5     93.6053     372.099           0     26817.5     19279.1
12           6     93.3955     374.151           0     25734.3     18090.1
12           7     93.2254     376.207           0     27701.5     17676.1
12           8     93.1038     378.266           0     27355.3     17036.4
12           9     93.0252     380.328           0     29231.9     17489.9
12          10     92.9808      382.39           0     28296.6     16971.6
12          11     92.9599     384.453           0     26787.4     17619.6
12          12     92.9503     386.516           0       27725     21636.7
12          13      92.929     388.579           0     37932.9       29920
#1
13           0     123.926     336.368           0     52251.4     45807.8
13           1     125.143     337.978           0     59804.6       44896
13           2     126.346       339.6           0     60538.6     45544.7
13           3     127.495     341.259           0     59066.4     46229.8
13           4     128.551      342.98           0       61329     48276.7
13           5      129.48     344.772           0     61093.6     49711.1
13           6     130.318     346.609           0     59469.6     50688.1
13           7     131.162     348.443           0     59253.3     49809.1
13           8      132.12      350.22           0       65513     45783.9
13           9     133.191     351.931           0       65513     42583.9
13          10      134.33     353.598           0       65513     42275.8
13          11     135.489     355.251           0       65513     43923.2
13          12     136.651     356.902           0       65513     45111.5
13          13     137.816     358.551           0       65513     46705.2
13          14     138.997     360.188           0       65513     47453.3
13          15     140.204     361.806           0       65513     48433.4
13          16     141.437     363.405           0       65513       48993
13          17     142.689     364.988           0       65513     50022.3
13          18     143.951     366.564           0       65513       50880
13          19     145.217     368.137           0       65513     51910.2
13          20     146.478     369.713           0       65513     53532.5
13          21     147.723     371.302           0       65513     53398.3
13          22     148.949     372.906           0       65513     50886.3
13          23     150.162      374.52           0       65513     48872.1
13          24     151.367     376.139           0       65513     46730.5
13          25     152.564     377.765           0       65513     47335.2
13          26     153.754     379.396           0       65513       46930
13          27     154.948     381.024           0       65513     48316.8
13          28     156.159     382.639           0       65513     49067.9
13          29     157.405     384.228           0       65513     50270.3
13          30     158.698     385.778           0       65513     48837.1
13          31     160.042     387.284           0       65513     47991.3
13          32     161.441     388.739           0       65513       48530
13          33     162.863     390.173           0       65513     49879.6
13          34     164.311     391.579           0       65513     51733.8
13          35     165.783      392.96           0       65513     52697.8
13          36     167.257      394.34           0       65513       53055
13          37     168.691     395.761           0       65513     54696.8
13          38     170.057     397.248           0       65513     53314.7
#1
14           0     273.134     424.357           0     62168.9     51749.8
14           1      274.75     423.055           0     52023.7     44660.3
14           2     276.248     421.618           0     39759.9     39643.7
14           3     277.581     420.028           0     35821.4     39307.2
14           4     278.817      418.36           0     32099.8     37485.8
14           5     280.112     416.738           0     32571.9     34812.2
14           6     281.605     415.296           0     34813.4     34309.3
14           7      283.33     414.142           0     39795.2     32536.8
14           8     285.231      413.31           0     41424.6     32914.8
14           9     287.234     412.765           0     43477.6     32402.6
14          10     289.282     412.424           0     41343.9     33393.4
14          11     291.343     412.178           0     37949.6     35189.5
14          12     293.405     411.941           0     39192.7     36943.9
14          13     295.465     411.686           0     38934.5     38777.2
#1
15           0     155.629     340.241           0     27314.8     26711.7
15           1     157.628     340.017           0     27065.9     25335.1
15           2     159.629     339.805           0     26819.3     24048.9
15           3     161.631     339.599           0     26977.5     23337.2
15           4     163.632     339.388           0     26805.7     22553.5
15           5     165.633     339.168           0     26128.5     21663.6
15           6     167.632     338.943           0     23818.6     20422.6
15           7     169.631     338.706           0     24297.6     20837.8
15           8     171.622     338.415           0     24464.1     20476.7
15           9     173.601     338.052           0     24620.7     19599.1
15          10     175.565     337.613           0     23440.5     19587.2
15          11     177.513      337.11           0     22759.4     19376.5
15          12      179.45     336.562           0     23931.5     20059.2
15          13     181.383     336.003           0     25703.5     19921.7
15          14     183.315      335.44           0     24931.3     20076.1
15          15     185.244     334.869           0     26027.2     20644.3
15          16     187.169     334.282           0     26833.6     20850.2
15          17     189.087     333.673           0     24062.1     21166.8
15          18     191.001     333.052           0     23234.7     21968.5
#1
16           0     123.136     331.544           0     50173.4     42867.8
16           1     124.833     332.427           0     52616.1     44086.8
16           2     126.525     333.322           0     55198.3     45430.7
16           3     128.216     334.217           0     58145.1       45593
16           4     129.919     335.089           0     61043.2     44607.2
16           5     131.649     335.907           0     58692.7     43432.5
16           6     133.407     336.663           0     56542.6     45075.3
16           7     135.182     337.377           0     51185.6     48203.1
#1
17           0     95.9691     362.104           0     31934.7     23614.1
17           1      97.485     360.879           0     31694.7     22824.3
17           2     99.0081     359.663           0     27735.9     24461.2
17           3     100.538     358.455           0     28848.1     25374.2
17           4     102.081     357.266           0     29574.7     24731.4
17           5     103.641     356.097           0       28087     24716.5
17           6     105.231      354.97           0     27996.6     24660.2
17           7     106.829     353.854           0     28163.8     27084.5
17           8     108.423     352.733           0     31210.8       31788
17           9     110.008     351.599           0     36814.1     33353.9
#1
18           0     113.673     361.639           0     37032.8       30812
18           1     115.235     362.913           0     43260.9     29379.8
18           2     116.821     364.158           0       45563     31721.3
18           3     118.467     365.322           0     41640.9     30477.8
18           4     120.216     366.324           0       36080     28842.9
18           5     122.099     367.046           0     34717.4     30916.9
18           6     124.085     367.392           0     32178.6     32611.9
18           7     126.101     367.368           0     33844.4     31635.8
18           8     128.086     367.016           0     35500.4       31741
18           9     130.005       366.4           0     34892.8     34532.3
18          10     131.856     365.602           0     36754.3     36295.2
18          11     133.666     364.712           0     39330.2     37675.3
18          12       135.5     363.875           0     43891.6       43769
18          13     137.428     363.289           0     56628.1     54844.3
18          14     139.438     363.147           0       65513     56711.6
18          15     141.437     363.405           0       65513     62921.8
#1
19           0     110.008     351.599           0     36814.1     27252.8
19           1     110.821     353.578           0     35070.5     26160.8
19           2     111.632     355.558           0     38210.4     26320.6
19           3       112.4     357.555           0     39174.2     26980.8
19           4     113.087     359.581           0     38878.7     27862.3
19           5     113.673     361.639           0     37032.8     32877.1
#1
20           0     120.216     366.324           0       36080     29197.6
20           1     121.519     367.915           0     38068.9       29280
20           2     122.857     369.477           0     36446.2     29608.2
20           3     124.216     371.022           0     35068.1     30271.4
20           4     125.588     372.553           0     35559.5     30066.8
20           5     126.976     374.071           0     36981.3     29477.9
20           6     128.379     375.575           0     40719.9     30536.9
20           7      129.77      377.09           0     49130.3     31485.6
20           8     131.124     378.638           0     51778.6     32481.4
20           9     132.407     380.245           0     53809.8     30430.2
20          10     133.646     381.887           0     50314.5     29906.5
20          11     134.906     383.513           0       44210     30221.6
20          12     136.262     385.059           0     42558.6     30595.4
20          13     137.751     386.477           0       45926     31000.9
20          14     139.366     387.751           0     44150.6     31474.3
20          15     141.071     388.901           0     42788.4     31509.4
20          16     142.816     389.989           0     38160.6     32082.8
#1
21           0     263.083     344.058           0     36854.8     33064.9
21           1     262.961     346.009           0     35533.9     30496.7
21           2     262.803     347.959           0     31493.6     27856.8
21           3     262.507     349.892           0     34054.5     25839.9
21           4     262.011     351.784           0     34188.4     24938.4
21           5     261.305     353.607           0     35115.7     25399.9
21           6     260.405     355.343           0     36413.1     26088.7
21           7      259.34     356.984           0     34251.7     28349.7
21           8     258.152     358.537           0       31426     30409.8
21           9     256.906     360.044           0     31953.9     35233.8
21          10     255.674     361.564           0     48943.9     55846.1
21          11     254.511     363.135           0     65248.8     62283.8
#1
22           0     108.124     325.105           0     62533.1     51870.1
22           1     109.067     326.787           0     63721.1     49104.1
22           2     109.792     328.573           0     59734.8     47383.5
22           3     110.219      330.45           0       44734       46565
22           4     110.423     332.366           0     39673.3     51837.5
22           5     110.553      334.29           0     44359.5     46673.1
22           6     110.683     336.214           0     54003.2       37418
22           7     110.768      338.14           0       40960     39872.3
22           8      110.73     340.067           0     32744.7     39164.5
22           9      110.57     341.988           0     28545.7     32632.2
22          10      110.35     343.904           0       29300     31537.7
22          11     110.138     345.821           0     28850.9     30457.8
22          12      109.99     347.744           0     27572.4       27922
22          13     109.945     349.671           0     32467.1     27029.4
22          14     110.008     351.599           0     36814.1     26755.6
#1
23           0     111.562     327.043           0     53641.5     44778.8
23           1     112.952     328.401           0     51986.1     44380.2
23           2     114.367     329.734           0       50246     43507.4
23           3     115.823     331.023           0     48817.3     42285.3
23           4     117.346     332.232           0       47821     41630.7
23           5     118.937     333.349           0     48087.8     42135.4
23           6     120.576     334.394           0     48917.8     43474.2
23           7     122.243     335.396           0     51081.7     44452.4
23           8     123.926     336.368           0     52251.4     45538.5
#1
24           0     166.811     373.844           0     64515.7     61071.2
24           1     166.898     375.872           0     62144.9     59103.8
24           2     166.976       377.9           0     57882.3     52902.9
24           3      167.08     379.927           0     64541.6     47723.1
24           4     167.241      381.95           0     64989.2     45392.3
24           5     167.451     383.969           0     61687.8     46882.8
24           6      167.67     385.987           0     54236.2     51039.8
#1
25           0     136.815     337.354           0     49995.7     46811.7
25           1     138.385     336.216           0     56385.6     47216.8
25           2     139.926      335.04           0     49121.1       50150
25           3     141.439     333.829           0     34861.6     39472.8
25           4     142.977     332.649           0       33063     32385.6
25           5     144.595     331.582           0     36092.7     28776.3
25           6     146.307     330.673           0     35133.3     27308.4
25           7     148.086     329.902           0     34637.9     26192.8
25           8     149.892       329.2           0     30703.6     25786.7
25           9     151.715     328.539           0       30658     25300.5
25          10     153.537      327.88           0     30688.2     25002.8
25          11     155.349      327.19           0     29581.7     24483.3
25          12     157.145     326.461           0     28186.5     24619.9
25          13     158.929     325.703           0     27990.5     25490.7
25          14     160.706     324.929           0     28993.3     27814.1
#1
26           0     267.781     396.612           0     33004.6     29737.3
26           1     269.543     395.872           0     34662.8     29160.7
26           2     271.274     395.061           0     33213.6     29264.5
26           3     272.921     394.093           0     32567.9     30164.9
26           4     274.436     392.928           0     35187.9       30674
26           5     275.801      391.59           0     34844.1     31222.3
26           6     277.057     390.149           0     38137.9     33511.5
26           7     278.308     388.704           0     38743.3     36363.6
26           8     279.672     387.366           0     42445.6     44280.6
26           9     281.218     386.243           0     61844.2     57035.1
26          10     282.915     385.364           0       65513       65473
#1
27           0     290.567      370.55           0     22868.9     21555.5
27           1      292.56     370.437           0     24087.3     20920.5
27           2     294.555     370.353           0     23330.6     20999.1
27           3     296.552     370.335           0     23375.2     21085.3
27           4     298.547      370.41           0     24799.2     21036.1
27           5     300.537     370.577           0     25655.7     20054.5
27           6      302.52     370.809           0     25042.9       19789
27           7     304.502     371.059           0     21966.9     19242.6
#1
28           0     295.968     397.806           0       65513     65386.9
28           1     297.736     396.936           0       65282     61525.8
28           2     299.467     395.994           0     51900.7     48451.8
28           3     301.189     395.037           0     43729.1     39316.6
28           4      302.97     394.195           0       38680     34241.8
28           5     304.843     393.582           0     40024.8     31715.8
28           6     306.784     393.247           0     40048.5     29028.7
28           7     308.751     393.125           0     38396.2     28430.1
28           8     310.721     393.137           0     38516.7     28566.4
28           9      312.69     393.202           0     34470.7     29327.9
#1
29           0     269.155     373.674           0     59930.1     63731.2
29           1     268.032     375.281           0     55758.7     52843.1
29           2     266.853     376.848           0     42796.3       43473
29           3     265.639     378.387           0     35377.3     33668.7
29           4     264.473     379.962           0     34936.7     30780.8
29           5     263.469     381.646           0     30883.5     29701.3
29           6     262.724     383.459           0       28117     27904.4
29           7     262.295     385.372           0     29217.8     27255.7
29           8     262.225     387.331           0     31253.8     27564.1
29           9     262.544     389.265           0     31481.1     27692.8
29          10     263.227     391.102           0     30122.9     27802.6
29          11     264.189      392.81           0     33685.3     28261.3
29          12     265.325     394.408           0     34881.1       28894
29          13     266.531     395.953           0       32850     30152.7
#1
30           0     339.191     400.161           0     30544.3     29041.9
30           1     341.131     400.461           0       31247     27135.2
30           2     343.073     400.747           0     28715.4     26616.4
30           3     345.019     401.004           0     33388.5     26721.2
30           4     346.969     401.229           0     32137.2     26567.6
30           5     348.921     401.437           0     29015.6     26504.4
#1
31           0      49.457     358.565           0     12949.7       12324
31           1     48.7277     360.392           0       12599     11910.7
31           2     48.0075     362.221           0     12031.6     12075.5
31           3     47.3169     364.062           0     11996.9       11875
31           4     46.6889     365.926           0     12121.4     12191.7
31           5     46.1627      367.82           0     12225.5       12056
31           6     45.7837      369.75           0     12176.3     12936.1
31           7     45.5943     371.707           0     13634.5     14744.6
31           8     45.6173     373.673           0     15348.1     15054.1
31           9     45.8299     375.628           0     23251.9     18124.5
31          10     46.1199     377.572           0     26403.1     22857.3
#1
32           0     319.931     351.067           0     19763.4     19237.2
32           1     320.131     353.075           0     18835.2     17655.1
32           2     320.288     355.088           0     21103.7     17833.7
32           3     320.376     357.104           0       20652     17234.5
32           4     320.399     359.122           0     19536.6       17195
32           5     320.382      361.14           0       18868     17179.4
32           6     320.352     363.158           0     18787.7     17249.3
#1
33           0     103.194     361.394           0       26223     24369.2
33           1     105.187     361.743           0     28205.6     24042.3
33           2     107.187     362.055           0     30240.7     24407.2
33           3     109.195     362.305           0     31963.6     26365.2
33           4     111.208     362.506           0     32322.2     31224.6
33           5     113.223     362.702           0     35035.4     32188.9
33           6     115.235     362.913           0     43260.9     30594.2
#1
34           0     226.264     369.635           0     28271.4     25677.8
34           1     224.829     370.962           0       30271     26423.4
34           2     223.396     372.291           0     29102.7     26208.9
34           3     221.958     373.615           0     31647.2     26579.3
34           4      220.51     374.927           0     32617.4     26952.4
34           5     219.056     376.234           0     30469.9     28051.9
34           6     217.621      377.56           0     32585.8     29446.8
34           7      216.23     378.933           0     34239.2     30656.7
34           8     214.904     380.369           0     35273.6       31743
34           9      213.66     381.877           0     35977.3       33500
34          10     212.508     383.455           0     37688.7     36745.9
34          11     211.441     385.093           0     39587.6     39903.4
34          12      210.43     386.765           0     45255.9     46943.2
34          13     209.424     388.441           0     58844.1     59640.4
34          14     208.381     390.094           0       65513     65447.3
34          15     207.295     391.719           0       65513       65513
#1
35           0     147.723     371.302           0       65513     64734.8
35           1     149.778     370.963           0     65389.3     60119.6
35           2     151.809     370.508           0     53417.3     55561.4
35           3     153.809     369.928           0     53076.8     47329.3
35           4     155.786     369.275           0     57608.2     46456.4
35           5     157.749     368.579           0     59002.2     50822.5
35           6     159.698     367.847           0     64538.1       62652
35           7     161.637     367.087           0       65513     65510.5
